# Empty

mild_winter = LIST {
	1738 1739 1740 1741 1742 1743 1745 1750 4567 4568 #abasgoi_area
	865 880 985 1578 #adiabene_area
	138 151 152 3575 3576 3587 #aemilla_area
	401 456 466 #aetolia_area
	4453 7377 7378 7405 #ahicchatra_area
	2301 2302 2303 2304 2305 2306 2307 2308 2310 2356 2357 #allobrogia_area
	2324 2325 3517 3518 3520 3521 3522 3523 3540 3541 3542 #alpes_maritimae_area
	3528 3530 #alpes_maritimae_two_area
	3383 3384 3385 3388 3389 4984 4985 4986 4987 4988 4989 4990 #amardioi_area
	8268 8269 8270 8271 8272 8273 8274 8275 8276 8277 8278 #anding_area
	2233 2235 2236 2237 2238 2239 2240 2241 2242 2245 #aquitania_occidentalis_area
	2250 2271 2272 2273 2274 2275 2278 2279 2281 2288 #aquitania_orientalis_area
	438 448 449 #arcadia_area
	118 119 121 122 123 131 132 133 140 148 #ariminum_area
	1733 1858 #armenia_maior_area
	1801 #armenia_minor_area
	2141 2142 2143 2145 2146 2147 2148 2153 2156 2209 #armorica_centralis_area
	2134 2135 2136 2137 2138 2139 2140 2215 2216 5431 #armorica_maioris_area
	2149 2150 2151 2152 2154 2155 2157 2158 2159 2160 #armorica_minoris_area
	1614 1616 1617 1639 1640 1650 1663 1664 1665 1666 1667 #artshak_area
	103 104 105 107 109 110 #asculum_area
	1114 1116 1117 1118 1119 1122 1123 1124 1125 1126 1128 #asturia_septentrionalis_area
	8050 #atara_area
	24 27 28 30 1712 #aternum_area
	1094 1096 1097 1100 1101 1102 1104 1105 1106 1107 1188 #autrigonia_area
	1571 1572 1573 1575 1577 1588 1589 1590 1591 1592 1605 1606 #ayrarat_area
	6629 6630 6634 6635 6636 6637 6655 6672 6673 6674 6675 6676 #bactria_area
	8279 8563 8564 8565 8566 8567 8568 8569 8570 8571 8572 8573 #beidi_area
	2445 2446 2493 3031 3032 3038 3042 3044 3045 3046 #bellovacia_area
	2243 2244 2246 2247 2248 2249 2251 2252 2276 2277 #biggeronia_area
	2349 2394 2401 2423 2424 2425 2426 2456 2458 #bituriga_occidentalis_area
	2347 2406 2407 2408 2410 2411 2412 2414 2416 2417 2418 2479 2480 #bituriga_orientalis_area
	475 #boeotia_area
	2076 2078 2079 2081 2082 2083 2084 2085 2087 3059 3060 5432 #brigantia_area
	2040 2049 2092 2093 2094 2095 2096 2097 2098 2099 2100 #britannia_secunda_meridionalis_area
	2050 2059 2060 2101 2102 2103 2104 2105 2106 2107 #britannia_secunda_septentrionalis_area
	2234 2269 2270 2287 2289 2292 2293 2294 2326 2327 2335 2338 #cadurcia_area
	2086 2089 2090 2091 2108 2109 2110 2111 2112 2113 #caledonia_meridionalis_area
	1047 1129 1130 1131 1132 1133 1134 1135 1136 1137 1138 1139 1140 1141 #callaecia_septentrionalis_area
	6627 6648 6649 6650 6651 6677 6678 6679 6680 6681 6692 6693 #candara_area
	1020 1044 1103 1108 1109 1110 1111 1112 1113 1115 1185 #cantabria_area
	2018 2019 2020 2021 2022 2023 2027 2028 2038 2042 #cantiacia_area
	1853 1866 #cappadocia_melitene_area
	4146 4147 #carnuntia_area
	2350 2441 2442 2457 2460 2461 2462 2463 2464 2465 2466 2478 #carnutia_area
	2342 2368 2373 2374 2375 2376 2377 2378 2379 2380 2381 2409 #celtica_centralis_area
	2343 2346 2382 2383 2384 2385 2386 2387 2388 2395 2405 2419 2420 2421 2422 #celtica_occidentalis_area
	2299 2300 2348 2360 2364 2365 2366 2367 2369 2370 2371 2372 #celtica_orientalis_area
	2214 2217 2218 2219 2220 2221 2222 2223 2351 2459 2467 #cenomannia_area
	1006 1009 1052 1053 1055 1056 1057 1061 1063 #cessetania_area
	414 #chalkidiki_area
	1722 1723 1724 #colchis_area
	833 834 841 842 843 845 856 857 869 870 877 878 #corduene_area
	2057 2058 2063 2067 2068 2069 2075 2077 2088 3057 3058 5434 #coritania_area
	2046 2047 2064 2065 2066 2070 2071 2072 2073 2074 2080 5433 #cornovia_area
	6687 #cyropolis_area
	4208 4209 4214 4215 4216 4217 4218 4220 4221 4223 #dacia_inferioris_area
	477 4112 4115 4116 4219 4222 4229 4230 4235 #dacia_mediterranea_area
	4224 4225 4226 4227 4228 4231 4232 4233 4234 #dacia_superioris_area
	5451 5452 5453 5454 5455 5456 5458 5459 5472 5474 5475 6807 #dahaea_area
	8646 8647 8648 8649 8650 8651 9588 #dai_area
	4058 4059 4060 4062 4084 #dalmatia_centralis_area
	4033 4035 4049 4050 4051 4052 4053 4054 4055 4056 4057 #dalmatia_occidentalis_area
	4061 4063 4064 4065 4068 4069 4070 4078 4079 4080 4104 4105 4107 #dalmatia_orientalis_area
	4092 4093 4094 4095 4098 4099 4108 4109 4110 4111 4113 4114 #dardania_inferioris_area
	4100 4101 4102 4103 4106 4118 4119 4120 4121 4122 4127 #dardania_superioris_area
	5391 5392 5393 5398 6657 6658 6659 6666 6726 6810 #derbicca_area
	2039 2041 2043 2044 2045 2048 2053 2054 2055 2056 2061 2062 #dobunnia_area
	2000 2001 2002 2003 2004 2005 2006 2007 2008 2009 2010 #dumnonia_area
	2011 2012 2013 2014 2015 2016 2017 2024 2025 2026 #durotrigia_area
	3573 3578 3579 3580 3581 3582 3583 3584 3585 3586 3661 3662 #east_insubria_area
	1595 3391 3392 4963 4964 4974 4975 4976 4979 4980 4981 4982 #ecbatana_area
	425 474 476 #epirus_area
	6730 6731 6732 6734 6735 6736 6737 6738 6739 6740 #ferghana_area
	143 145 3589 3590 3593 3594 3595 3596 3597 #ferraria_area
	3677 3678 #ganuenta_area
	958 959 982 1603 4970 4971 #garamig_area
	4809 4810 4813 4815 4816 4817 4818 4819 4820 4821 4822 4823 #getia_occidentalis_area
	4803 4804 4805 4806 4807 4808 4811 4812 4814 4824 #getia_orientalis_area
	2161 2162 2163 2176 2177 2178 2179 2180 2181 2182 2183 #hibernia_meridionalis_area
	2166 2169 2184 2185 2191 2194 2196 2197 2198 2199 2200 2201 #hibernia_occidentalis_area
	2164 2165 2167 2168 2186 2187 2188 2189 2190 2192 2193 #hibernia_orientalis_area
	2170 2171 2172 2173 2174 2175 2195 2202 2203 2204 2205 2206 2207 2208 #hibernia_septentrionalis_area
	4018 4019 4020 4021 4022 4023 4032 4034 #histria_area
	3434 3435 3436 3437 3438 4996 4997 4998 6725 6776 7638 7639 #hyrcania_area
	4836 4839 4840 4841 4851 4856 4857 4858 4859 4860 4861 #iazygia_majoris_area
	4826 4827 4828 4829 4831 4832 4833 4834 4835 4837 4838 #iazygia_minoris_area
	2029 2030 2031 2032 2033 2034 2035 2036 2037 2051 2052 #icenia_area
	1062 #ilercavonia_area
	1010 1011 1064 1065 1066 1067 1068 1069 1070 1071 #ilergetia_area
	1445 #illyria_graeca_area
	1000 1001 1002 1003 1004 1005 1007 1008 1054 1058 1059 1060 #indiketia_area
	1808 #ionia_area
	1593 1620 1621 1622 1624 1625 1626 1627 1628 1629 3387 3390 #kadousioi_area
	9677 9723 9726 9728 9729 9730 9731 #kaga_area
	7383 7652 7655 7656 #kamata_area
	5394 5395 6796 6797 6798 6799 6800 6801 6803 6804 6805 6809 #kharesmia_area
	5396 5397 6683 6708 6709 6718 6802 7231 7240 7241 7242 #kharesmia_superior
	4451 7379 #kosala_area
	1594 1596 1597 1598 1599 1601 1602 3393 4965 4966 4967 4968 #kossioi_area
	3736 #latobrigia_area
	8801 8802 8803 8804 8805 8806 8809 8811 9668 9669 9670 9671 #lelang_area
	1721 2283 2328 2329 2330 2331 2337 2340 2341 2344 2404 3307 #lemovicia_area
	2453 2454 2497 2499 3002 3003 3004 3007 3015 3016 3017 #leucia_area
	8779 8780 8781 8782 8783 8784 8785 8786 8787 8788 8789 8790 8791 8792 9666 9667 9877 9886 #liaodong_area
	8769 8770 8771 8772 8773 8774 8775 8776 8777 8778 9589 9665 #liaoxi_area
	2354 2431 2433 2435 2436 2437 2440 2449 2489 3005 3006 3008 #lingonia_area
	8810 8812 8813 8814 #lintun_area
	497 498 499 4096 4097 4117 4152 4153 4302 4303 4304 4305 4306 #macedonia_salutaris_area
	1729 1730 1731 1732 1734 1775 1786 1793 1795 1797 1798 #machelonia_area
	4315 4340 4342 4344 4345 4346 4347 4379 4389 4391 4394 4400 #madra_area
	4533 4534 4535 4545 4546 4551 4552 4553 4554 4555 4556 4557 #maeotia_area
	7600 7608 7612 7613 7614 7615 7616 7617 7618 7634 7635 7636 #maeotia_minores_area
	9597 #mahan_area
	4450 4457 4458 7384 #malla_area
	4210 4211 4266 4267 4268 4269 4270 4271 4272 4273 4274 4275 4276 4277 4278 4279 #malvensis_area
	6652 6653 6665 6667 6668 6669 6670 6684 6685 6723 6724 7226 #margiana_area
	4077 4123 4125 4126 4128 4129 4130 #marsonia_area
	1514 1515 1516 1517 1520 1521 1522 1523 1524 1525 1526 1565 #media_atropatene_area
	6954 6955 6956 6957 6958 6959 6960 6961 6962 6963 6964 #media_choromithrene
	3053 3054 3056 3691 3692 3693 3694 3695 3696 3697 3698 3701 3723 3725 #mediomatricia_area
	3720 3727 #menapia_orientalis
	9672 9673 9681 9683 9697 9713 9714 9716 #mino_area
	4236 4237 4238 4239 4240 4241 4244 4245 4259 #moesia_occidentalis_area
	4242 4243 4246 4247 4248 4249 4251 4252 4253 4256 4257 4258 #moesia_orientalis_area
	4124 4194 4195 4196 4197 4198 #moesia_prima_occidentalis_area
	4199 4200 4201 4202 4203 4204 4205 4206 4207 4212 4213 #moesia_prima_orientalis_area
	3026 3027 3028 3029 3030 3040 3675 #morinia_area
	9699 9701 9702 9703 9704 9706 9707 9709 9710 9711 #musasi_area
	218 #mysia_abrettene_area
	2256 2257 2258 2259 2260 2312 2313 2315 #narbonensis_centralis_area
	2309 2311 2314 2316 2317 2318 2319 2320 2321 2322 2323 #narbonensis_occidentalis_area
	1079 2253 2254 2255 2263 2265 2266 2267 2280 #narbonensis_orientalis_area
	31 32 #neapolis_area
	3041 3676 3679 3680 3681 3682 3683 3704 3705 3706 3707 3708 3719 #nervia_area
	866 986 #niniveh_area
	4024 4025 4026 4027 #noricum_mediterranum_area
	840 #osroene_area
	6654 6686 6688 6689 6690 6691 6694 6695 6696 6697 6759 7229 #oxiana_area
	6707 11501 11502 11503 11504 #oxiana_ultima_area
	4331 4380 4384 4388 4393 4395 4396 4397 4398 4399 7399 #panchanada_area
	4138 4148 4149 4150 4151 4155 4163 4165 4166 4174 #pannonia_prima_orientalis_area
	4185 4186 4187 4188 4189 4190 4191 4192 4193 #pannonia_secunda_area
	4842 4843 4844 4845 4846 4847 4848 4849 4850 4854 4855 #pannonia_terminus_area
	4156 4157 4158 4159 4160 4161 4162 4164 4167 4168 4169 4170 4171 4172 #pannonia_valeria_area
	206 208 211 212 1806 1807 1809 1810 1812 1814 1815 1816 #paphlagonia_inferior_area
	198 199 200 201 203 217 232 1827 1828 1829 #paphlagonia_superior_area
	2444 2447 2472 2473 2474 2475 2476 2477 2481 2482 2483 2484 2485 #parisia_area
	5390 5422 5423 5424 5425 5426 5427 5428 6806 6808 6811 6812 #parnia_area
	1500 1528 1529 1530 1531 1532 1533 1534 1539 1559 #parsatunik_area
	1527 #parskahayk_area
	3441 3445 3446 3447 3448 3450 3454 6656 6727 6728 6729 #parthia_area
	1618 1619 1630 1631 1632 1638 1648 1649 1652 1654 #paytankert_area
	2210 2211 2224 2225 2226 2227 2228 2345 2389 2390 2391 2392 2393 2396 2397 2398 2399 #pictonia_meridionalis_area
	2144 2212 2352 2400 2402 2403 3308 #pictonia_septentrionalis_area
	142 144 146 147 149 150 3588 3591 3592 #pisae_area
	1791 1792 1804 1819 1821 1822 1823 1824 1826 1831 1837 #pontus_area
	4260 4263 4830 #porolissensis_inferioris_area
	9526 9527 9529 9538 9539 9540 9881 9882 #raole_area
	3012 3020 3022 3025 #raurica_area
	2455 2494 2495 2496 2498 3001 3050 3684 3686 3687 3688 3703 #remia_area
	3381 3382 3394 3395 3396 3452 3453 4983 4991 4992 4993 4999 #rhagai_area
	19 #roma_area
	4176 4177 4178 4179 4181 4183 4184 #savia_occidentalis_area
	4036 4038 4040 4041 4042 4043 4044 4045 4046 4071 4072 4073 4074 4075 4076 #savia_orientalis_area
	5460 5461 5462 5463 5464 5465 5466 5467 5468 5469 5470 5473 #scythia_ad_pontem_area
	5478 #scythia_ultima_area
	2353 2413 2415 2430 2432 2434 2438 2439 2448 2488 #senonia_area
	2229 2230 2231 2232 2282 2290 2291 2332 2333 2334 3000 #sentonia_maioris_area
	2355 2358 2359 2361 2362 2363 2427 2428 2429 3010 3013 3014 #sequania_area
	8625 8626 8627 8628 8629 8630 8631 8632 8633 8634 8635 #shangdang_area
	8743 8744 8745 8746 8747 8748 8749 8750 #shanggu_area
	3699 3700 #sicambria_area
	9680 9717 9718 9719 9720 9721 9732 #sinano_area
	1535 1536 1537 1541 1543 1544 1545 1546 1547 1548 1551 #soducene_area
	6706 6710 6711 6712 6713 6714 6715 6716 6717 6719 7238 #sogdiana_area
	858 859 860 1855 1856 1857 #sophene_area
	1830 #sporades_area
	4402 4403 4419 7385 7386 7402 #sthanisvara_area
	2450 2451 2452 2486 2487 2490 2491 2492 3043 3047 3048 3049 3051 #suaeuconia_area
	1501 1538 1540 1542 1550 1613 1615 1623 1668 1669 #syunik_area
	4536 4537 4538 4539 4540 4541 4542 4543 4544 4547 4548 4549 4550 #taurica_area
	1725 1726 1727 #tayk_area
	478 484 485 486 487 488 496 3853 4309 4311 4313 #thracia_area
	8280 8281 8282 8283 8284 8285 8286 8287 8288 8289 #tianshui_area
	10555 10561 #tohoku_area
	7227 7228 7230 7232 7233 7234 7235 7236 7237 7239 7243 7244 #transoxus_area
	3535 3548 3551 3555 3558 3559 3560 3561 3563 3564 #transpadana_area
	3685 3689 3690 3721 3722 3724 3726 3728 3729 3730 7738 #treveria_area
	3009 3011 3018 3019 3021 3023 3024 #tribocia_area
	7485 #trigarta_area
	393 397 400 405 408 411 412 3125 3175 3356 #upper_macedonia_area
	3052 3055 3702 3735 3737 3738 7732 #vangionia_area
	1017 1078 1082 1083 1084 1085 1086 1087 1095 1098 1099 #vardulia_area
	1014 1016 1072 1073 1074 1075 1077 1080 1081 1088 #vasconia_area
	846 987 988 989 991 992 995 996 998 999 1560 1561 #vaspurakan_area
	2443 2468 2469 2470 2471 3033 3034 3035 3036 3037 3039 #veliocassia_area
	3598 3599 3600 3601 3602 3603 3604 3605 3606 3607 #venetia_area
	4459 4460 4464 7486 7487 7489 #vrji_area
	3554 3562 3565 3566 3567 3568 3569 3570 3571 3572 3574 3577 #west_insubria_area
	8652 8751 8760 8766 8767 8768 9873 9874 9875 9876 9883 #wuhuan_area
	8665 #wuyuan_area
	8793 8794 8795 8796 8797 8798 8799 8800 #xuantu_area
	9682 #yamato_area
	8617 8653 8654 8655 8656 8657 8658 9880 #yanmen_area
	8761 8762 8763 8764 8765 #youbeiping_area
	8659 8660 8661 8662 8663 8664 8666 8667 #yunzhong_area
	8752 8753 8754 8755 8756 8757 8758 8759 #yuyang_area
	4801 4802 #zargidava_area
}

normal_winter = LIST {
	12719 12720 12721 12722 12723 12724 12725 12726 12727 12728 12729 12730 #aimag_area
	11277 11278 11279 11280 11281 11282 11283 11284 11285 11286 #aktobe_area
	7606 7607 7609 7610 7611 7619 7620 7622 7629 7630 7631 #alania_area
	5904 6209 6210 6211 6212 6213 6215 6216 6217 6218 6220 6221 #alania_orientalis_area
	5899 5900 6190 6192 6193 6201 6202 6203 6204 6205 6206 6207 6208 6214 #alania_proper_area
	3519 3524 3525 3526 3527 3529 3531 3532 3533 3534 3536 #alpes_maritimae_two_area
	3618 3660 #alpes_raetiae_occidentalis
	6240 6241 6243 6253 6256 6292 6295 6296 6297 6298 #amadocia_occidentalis_area
	4280 4281 4287 4292 4293 4294 4295 4298 4299 4500 4501 4825 4909 4911 #apulensis_area
	6541 6547 6548 6553 6554 6555 6572 6573 6610 6622 6632 6633 #arachosia_area
	6518 6557 6558 6559 6564 6565 6567 6568 6596 6646 6647 #aria_area
	1584 1607 1608 1609 1637 1646 1651 1661 1670 1671 1672 #arran_area
	11355 11356 11357 11358 11359 11360 11361 11362 11363 11364 11365 11366 #aspisi_area
	5876 5877 5878 5903 5905 5906 5907 5908 5909 5910 #atara_area
	11299 11300 11301 11302 11303 11304 11305 11306 11307 11308 11309 #atyrau_area
	6608 6611 6613 6614 6625 6626 6628 6631 6638 6642 6643 6644 #bamyan_area
	2543 5383 6065 6066 6089 6233 6234 6235 6236 6237 6239 6242 #bassetia_area
	12709 12710 12711 12712 12713 12714 12715 12716 12717 12718 #bayanundar_area
	3914 3922 3928 3930 3931 3932 3935 3936 3937 3938 3939 #boioa_meridionalis_area
	3911 3912 3915 3940 3941 3942 3943 3980 4008 4009 #boioa_septentrionalis_area
	6107 6117 6121 6128 6129 6130 6139 6141 6142 6145 #borysthenia_area
	6132 6133 6134 6136 6137 6140 6143 6148 6149 6150 6152 6153 #borysthenia_maioris_area
	4530 4531 4532 6124 6144 6146 6147 7190 7192 7193 #borysthenia_minor_area
	4558 4559 4560 4561 4562 4563 4564 4565 4566 7637 #bosproranum_area
	3776 3777 3778 3782 3783 3784 3826 3827 3828 3830 3831 3835 #bructeria_area
	3910 3979 3991 3992 3993 3997 3998 4001 4002 #buria_area
	2114 2124 #caledonia_meridionalis_area
	2118 2119 2120 2121 2122 2128 2129 2130 2131 2132 7739 #caledonia_occidentalis_area
	2115 2116 2117 2123 2125 2126 2127 2133 6311 7740 12763 #caledonia_septentrionalis_area
	3950 3951 3953 3954 3955 3956 3957 3959 3961 3966 3967 3981 3988 3990 #caluconia_area
	1788 #cappadocia_garsauritis_area
	3653 3918 4144 4145 #carnuntia_area
	1633 1634 1635 1636 1642 1644 1645 1647 1655 1656 1662 7603 #caucasian_albania_area
	3919 3920 3924 3925 3926 3927 3929 4016 4017 #celamantia_area
	1719 2268 2284 2285 2286 2295 2296 2298 2339 3309 #central_massif_area
	3795 3824 3825 3949 3958 3960 3963 3964 3965 3973 3976 3977 3978 #chamavia_area
	3779 3780 3781 3832 3833 3834 3836 3841 3842 #chasuaria_area
	3800 3801 3802 3803 3804 3805 #chattia_occidentalis_area
	3806 3807 3808 3809 3811 3820 3821 3822 3946 3948 3952 #chattia_orientalis_area
	3829 3837 3838 3839 3840 3890 3962 3972 #chaucia_area
	7298 7804 7805 7806 7807 7830 7831 7832 7833 7834 7835 7836 #chrononis_area
	3862 3863 3864 3865 3866 3868 3869 #cimbrica_inferioris_area
	3867 3870 3871 3872 3873 3874 3875 3876 3877 3878 3879 3880 #cimbrica_superioris_area
	4887 4889 4890 4891 4893 4894 4895 4896 4897 4947 #ciscarpathia_area
	4521 4522 4523 4524 4525 4800 4917 4918 4919 4920 4921 4922 #clepia_area
	6185 6186 6188 6191 6194 6195 6196 6197 6198 6199 6200 #confluenta_area
	6698 6699 6700 6701 6702 6703 6705 6720 6721 6722 6733 6773 6774 6775 #cyropolis_area
	6135 6138 6151 6156 6158 6159 6160 6161 6162 6166 6167 6169 #danaia_area
	6168 6171 6172 6173 6174 6175 6176 6179 6181 6182 6183 6184 #danaia_superioris_area
	5498 5499 5879 5880 5881 5911 5912 5913 5914 5915 5916 #darn_area
	11320 11321 11322 11323 11324 11325 11326 11327 11328 11329 11330 #durse_area
	7252 7253 7254 7255 7256 7257 7258 7259 7260 #eastern_aral_area
	4761 4762 4767 4769 4770 4773 4774 4775 4776 #elysia_area
	6704 #ferghana_area
	3847 3848 3850 3851 3852 3854 #frisia_area
	4863 4864 4865 6277 6278 6279 6280 6281 6282 6283 6284 6285 6286 6287 6288 6289 #galindia_area
	4300 4301 4323 4324 4325 4367 4370 4490 6751 6997 7319 7657 #gandhara_area
	3843 3844 3845 3846 3849 #ganuenta_area
	3766 3767 3768 3769 3772 3774 #germanicum_area
	9519 9520 9525 9674 9678 9679 #gonglu_area
	12688 12689 12690 12691 12692 12693 12694 12695 12696 12697 #gyalrong_area
	3908 4753 4754 4758 4759 4763 4764 4765 4766 4768 #helveconia_area
	3631 3632 3633 3634 3635 3637 3639 3732 3739 3745 3746 #helvetia_inferioris_area
	3642 3643 3644 3645 3646 3754 3755 3756 3758 3759 3760 3761 3762 3763 3764 #helvetia_orientalis_area
	3638 3640 3641 3740 3741 3747 3748 3750 3751 3753 #helvetia_superioris_area
	6083 6087 6093 6094 6095 6099 6101 6104 6105 6106 6110 #hypania_area
	6067 6068 6069 6070 6071 6072 6084 6085 6086 #hypania_minoris_area
	5896 5897 5898 5901 5902 5917 5918 5919 5920 5921 5922 5923 #hyrcania_superior_area
	10612 10613 10614 10615 10616 10617 10618 #issyk_area
	7245 7263 7264 7267 7268 7270 7273 7274 7275 7276 7277 7278 #jaxartia_area
	8258 8259 8260 8261 8262 8263 8264 8265 8266 8267 #jincheng_area
	11387 11388 11389 11390 11391 11392 11393 11394 11395 11396 #kapchagay_area
	3810 4332 4333 4334 4335 4336 4337 4338 4339 4341 4343 7361 #kasmira_area
	12698 12699 12700 12701 12702 12703 12704 12705 12706 12707 12708 #kham_area
	3968 3969 3970 3971 3974 3975 #langobardia_area
	3733 3734 3742 3743 3744 3770 3771 #latobrigia_area
	3647 3648 3649 3650 3651 3652 #lauriacum_area
	8290 8291 8292 8293 8294 8295 8296 8297 8298 #longxi_area
	4771 4772 4777 4778 4898 4899 4900 4901 4902 4903 4904 #lugia_area
	6941 #malayas_area
	3812 3813 3814 3815 3816 3817 3818 3819 3913 3944 3945 #marcomannia_maiores_area
	3916 3917 3921 3923 3933 3934 #marcomannia_minores_area
	6542 6543 6545 6556 6660 6661 6662 6663 6664 6671 7222 7223 #margu_area
	4003 4004 4005 4006 4007 4010 #marsignia_area
	1510 1512 1513 1552 1553 1554 1555 1556 1557 1558 1574 3386 #media_area
	3709 3710 3711 3712 3713 3714 3715 3716 3717 3718 #menapia_orientalis
	9521 9522 9523 9524 9533 9534 9535 9536 #modong_area
	4915 4916 4928 4929 4934 4936 4937 #muradava_area
	2261 2297 #narbonensis_centralis_area
	2262 #narbonensis_orientalis_area
	4028 4029 4030 4031 4039 4047 4048 4134 4135 4136 4143 4175 #noricum_mediterranum_area
	11267 11268 11269 11270 11271 11272 11273 11274 11275 11276 #north_aral_area
	4526 4527 4528 4529 #olbia_area
	7820 7821 7822 7823 7824 7825 7826 7827 7828 7829 #ossioia_area
	11505 11506 11507 11508 #oxiana_ultima_area
	4132 4133 4137 4139 4140 4141 4142 #pannonia_prima_occidentalis_area
	4173 #pannonia_prima_orientalis_area
	997 #parsatunik_area
	1502 1503 1504 1505 1506 1507 1508 1509 1511 1518 1519 #parskahayk_area
	4948 4949 4950 4951 4953 4978 #persepolis_area
	3894 3896 3897 3898 3899 3900 3901 3902 3903 3904 3905 3906 3907 3983 3985 #pharodenia_area
	1789 1790 1833 1834 1838 1839 1840 1845 1846 #pontus_colopene_area
	4291 4296 4297 4502 4503 4504 4505 4506 4507 4508 4509 4510 4511 #porolissensis_area
	4261 4262 4264 4265 4282 4283 4284 4285 4286 4288 4289 4290 #porolissensis_inferioris_area
	11331 11332 11333 11334 11335 11336 11337 11338 11339 11340 11341 #raha_ulterior_area
	3731 #raurica_area
	4750 4751 4752 4755 4756 4757 4760 4862 #rugia_area
	6563 #sagartia_area
	6088 6096 6097 6098 6100 7185 7186 7187 7189 7194 7195 #sarmatia_area
	5866 5867 5868 5869 5870 5871 5872 5873 5874 5875 #sarmatia_hyrcania_area
	6102 6103 6108 6118 6119 6122 6123 7188 7191 #sarmatia_superioris_area
	6609 6612 6615 6621 6623 6624 6639 6640 6641 6645 #sattagydia_area
	5892 5893 5894 5895 5924 5925 5926 5927 5928 5929 5931 #sattara_area
	4180 4182 #savia_occidentalis_area
	3855 3856 3857 3859 3860 3861 3888 3889 #saxony_area
	3881 3882 3883 3884 3885 3886 3887 #scandia_insula_area
	4250 4254 4255 4512 4513 4514 4515 4516 4517 4518 4519 4520 #scythia_area
	5476 5477 5479 5480 5481 5482 5483 5484 5485 5486 5487 5488 #scythia_prima_area
	1674 7602 7604 7605 7621 7623 7624 7625 7626 7627 7628 7632 7633 #scythia_trans_montem_area
	5457 5471 5489 5490 5491 5492 5493 5494 5495 5496 5497 #scythia_ultima_area
	3909 3982 3984 3986 3987 3989 3994 3995 3996 3999 4000 #semnonia_area
	3785 3786 3787 3788 3789 3790 3791 3792 3793 3794 3796 #sicambria_area
	7265 7266 7271 #sirdarya_area
	12764 12765 12766 12767 #sithonia_area
	6682 #sogdiana_area
	4368 4369 #south_sindhu_area
	4938 4939 4940 4941 4942 4943 4944 4945 4946 #subcarpathia_area
	3858 3891 3892 3893 3895 #suradonia_area
	11342 11343 11344 11345 11346 11347 11348 11349 11350 11351 11352 11353 11354 #syr_area
	5884 5885 5886 5887 5888 5889 5890 5891 5930 5932 5933 #tanaissa_area
	6154 6155 6157 6163 6164 6165 6170 6177 6178 6180 6187 6189 #tanassa_area
	483 978 990 993 994 1562 1563 1564 1566 1567 1736 4037 #tarawn_area
	11375 11376 11377 11378 11379 11380 11381 11382 11383 11384 11385 11386 #taraz_area
	6772 #tarim_area
	4308 4316 4317 4318 4320 4322 4326 4327 4328 4329 7314 7492 #taxila_area
	9307 9308 9309 9315 9324 9325 9333 9334 9537 #terigun_area
	3539 3621 3622 3623 3624 3625 3626 3627 3628 3629 3630 #tigurinia_area
	10556 10557 10558 10559 10560 10562 10563 10564 10565 10566 #tohoku_area
	6109 6111 6112 6113 6114 6115 6116 6120 6125 6126 6127 6131 #transborysthenia_area
	4853 4875 4876 4877 4878 4879 4880 4886 4888 4926 #transcarpathia_centralis_area
	4852 4866 4867 4868 4869 4870 4871 4872 4873 4874 #transcarpathia_occidentalis_area
	4881 4882 4883 4884 4885 4905 4906 4907 4908 4910 4927 #transcarpathia_orientalis_area
	6073 6074 6075 6076 6077 6078 6079 6080 6081 6082 6090 6091 6092 #transhypania_area
	6219 6222 6223 6224 6225 6226 6227 6228 6229 6230 6231 6232 #transhyrcania_area
	3749 3752 3757 3765 3773 3775 #tulingia_area
	3797 3798 3799 3823 3947 #turonia_area
	9684 9687 9695 9698 9700 9705 9708 9715 9722 9724 9725 9727 #ulaanzuukh_area
	12761 12762 #ultima_thule_area
	7246 7247 7248 7249 7250 7251 7261 7262 7269 7272 #upper_jaxartia_area
	6267 6269 6270 6271 6272 6273 6274 6275 6276 6290 6293 #venedia_area
	4011 4012 4013 4014 4015 #viadria_area
	6544 #vishpauzatis_area
	6254 6255 6258 6259 6260 6261 6262 6263 6264 6265 6266 6268 6291 6294 #vistulia_area
	6047 6238 6244 6245 6246 6247 6248 6249 6250 6251 6252 6257 #vistulia_inferioris_area
	11287 11288 11289 11290 11291 11292 11293 11294 11295 11296 11297 11298 #west_aral_area
	4912 4913 4914 4923 4924 4925 4930 4931 4932 4933 4935 #zargidava_area
	11310 11311 11312 11313 11314 11315 11316 11317 11318 11319 #zhanaqala_area
}

severe_winter = LIST {
	5573 #ahicchatra_area
	12331 12332 12333 12334 12335 12336 12337 12338 12339 12340 12341 12342 #akmola_area
	3537 3538 3608 3609 3610 3611 3612 3613 3614 3615 3616 3620 #alpes_graiae_area
	3617 3619 3636 3654 3655 3656 3657 3658 3659 3663 #alpes_raetiae_occidentalis
	3664 3665 3666 3667 3668 3669 3670 3671 3672 3673 3674 #alpes_raetiae_orientalis
	9435 9444 10819 10820 10821 10822 10823 10824 #altai_area
	12678 12679 12680 12681 12682 12683 12684 12685 12686 12687 #amdo_area
	12743 12744 12745 12746 12747 12748 12749 12750 12751 12752 12753 #amur_area
	12472 12473 12474 12475 12476 12477 12478 12479 12480 12481 12482 12483 12484 #ananyino_area
	12569 12570 12571 12572 12573 12574 12575 12576 12577 12578 12579 12580 12581 #androphagia_superior_area
	10283 10284 10285 10286 10287 10288 10289 10290 10291 10292 10293 #aristavos_area
	1766 1769 1842 1843 1844 1848 1850 1851 7844 #armenia_maior_area
	1767 1768 1771 1772 1776 1778 1779 1781 1782 1783 7845 #armenia_minor_area
	12430 12431 12432 12433 12434 12435 12436 12437 12438 12439 12440 12441 #baraba_area
	9475 #barkol_area
	10263 10264 10265 10266 10267 10268 10269 10270 10271 10272 10273 10274 #biebrzankski_area
	11418 11419 11420 11421 11422 11423 11424 11425 11426 11427 11428 11429 #bityug_area
	11489 11490 11491 11492 11493 11494 11495 11496 11497 11498 11499 11500 #borysthenia_ultima_area
	10189 10190 10191 10192 10193 10194 10195 10196 10197 10198 10199 10200 #budinia_area
	12271 12272 12273 12274 12275 12276 12277 12278 12279 12280 12281 #busu_area
	1673 1676 1679 1680 1681 1683 1685 1689 1690 1691 1692 1694 #caucasian_iberia_area
	5586 5587 5588 5589 5590 5605 5606 5607 5608 5610 5611 5613 #chomolangma_area
	11397 11398 11399 11400 11401 11402 11403 11404 11405 11406 11407 #chu_area
	4892 #ciscarpathia_area
	10294 10295 10296 10297 10298 10299 10300 10301 10302 #daugava_area
	9554 9555 9556 9557 9558 9559 9560 9561 9887 #daxianbeishan_east_area
	5437 #derbicca_area
	10234 10235 10236 10237 10238 10239 10240 10241 10242 10243 10244 #desna_area
	12306 12307 12308 12309 12310 12311 12312 12313 12314 12315 12316 12317 #detpakdala_area
	9477 9478 9479 9481 9482 10530 10534 10535 10536 10537 #dingling_area
	7299 10201 10202 10203 10204 10205 10206 10207 10208 10209 10210 #dnieper_area
	10332 10333 10334 10335 10336 10337 10338 10339 10340 10341 10342 #donbas_area
	12557 12558 12559 12560 12561 12562 12563 12564 12565 12566 12567 12568 #dyakovo_area
	6008 6010 6018 6019 6020 6021 6026 6028 6029 6030 6031 6032 #east_gothia_area
	7644 10181 10182 10183 10184 10185 10186 10187 10188 #gelonia_area
	5558 5559 5592 5593 5594 5595 5596 5597 5598 5599 5600 5601 #gilgit_area
	9484 9485 9486 9487 #gonglu_area
	12545 12546 12547 12548 12549 12550 12551 12552 12553 12554 12555 12556 #gorodets_area
	12442 12446 12447 12448 12449 12452 12455 12456 #gryphia_area
	1586 1587 1610 1677 1686 1695 1696 1697 1699 1700 1702 #gugark_area
	9490 9492 9493 9494 9495 10528 10529 #guyan_area
	6000 6001 6002 6003 6004 6005 6006 6007 6009 6014 6015 6017 #herulia_area
	10567 10568 10569 10570 10571 10572 10573 10574 10575 #hokkaido_area
	9541 9542 9543 9545 9548 9549 9550 #huifa_area
	9447 9448 9449 9450 9451 9452 9453 9454 #hujie_area
	12520 12521 12522 12523 12524 12525 12526 12527 12528 12529 12530 12531 #hyperborea_extremus_area
	12247 12248 12249 12250 12251 12252 12253 12254 12255 12256 12257 12258 #ili_area
	12594 12595 12596 12597 12598 12599 12600 12601 12602 12603 12604 12605 #ilmandu_inferior_area
	12606 12607 12608 12609 12610 12611 12612 12613 12614 12615 12616 12617 #ilmandu_superior_area
	12393 12394 12395 12396 12397 12398 12399 12400 12401 12402 12403 12404 #ingala_area
	12405 12406 12407 12408 12409 12410 12411 12412 12413 12414 12415 12416 12417 #irmen_area
	12381 12382 12383 12384 12385 12386 12387 12388 12389 12390 12391 12392 #itkul_area
	11408 11409 11410 11411 11412 11413 11414 11415 11416 11417 #iurcia_area
	5578 5579 5580 5581 5583 5585 5609 5612 5615 5616 5617 #jangtang_area
	9432 9433 9434 9436 9437 9438 9439 9440 9441 9442 9443 9445 9446 #jiankun_area
	12582 12583 12584 12585 12586 12587 12588 12589 12590 12591 12592 12593 #joki_area
	1611 1612 1641 1643 1657 1658 1659 1660 1678 1687 5435 #kahetia_area
	12642 12643 12644 12645 12646 12647 12648 12649 12650 12651 12652 12653 12654 #kalmistomaki_area
	12485 12486 12487 12488 12489 12490 12491 12492 12493 12494 12495 #karaabyz_area
	12294 12295 12296 12297 12298 12299 12300 12301 12302 12303 12304 12305 #karkaraly_area
	10547 10548 10549 10550 10551 10552 10553 #khuvsgul_area
	12282 12283 12284 12285 12286 12287 12288 12289 12290 12291 12292 12293 #korgantas_area
	12259 12260 12261 12262 12263 12265 12266 12267 12268 12269 12270 #koshkarkol_area
	12343 12344 12345 12346 12347 12348 12349 12350 12351 12352 12353 12354 #kostanay_area
	12418 12419 12420 12421 12422 12423 12424 12425 12426 12427 12428 12429 #kulunda_area
	5618 5619 5620 5621 5640 5641 5655 5656 5658 5659 5663 5664 #lhasa_area
	1773 #machelonia_area
	12368 12369 12370 12371 12372 12373 12374 12375 12376 12377 12378 12379 12380 #magyarok_area
	5584 #malla_area
	10222 10223 10224 10225 10226 10227 10228 10229 10230 10231 10232 10233 #milograd_area
	10311 10312 10313 10314 10315 10316 10317 10318 10319 10320 10321 #minsk_area
	10275 10276 10277 10278 10279 10280 10281 10282 #neman_area
	4131 #noricum_mediterranum_area
	12264 #north_beishan_area
	12443 12444 12445 12450 12451 12453 12454 12457 12458 12459 #ob_area
	1847 #osroene_area
	6768 #oxiana_area
	10303 10304 10305 10306 10307 10308 10309 10310 #ozeros_area
	6760 6762 6763 6764 6765 6766 6767 6769 6770 6771 #pamir_area
	10322 10323 10324 10325 10326 10327 10328 10329 10330 10331 #polatsk_area
	1787 #pontus_colopene_area
	9528 9530 #raole_area
	12754 12755 12756 12757 12758 12759 12760 #sahaliyan_area
	11443 11444 11445 11446 11447 11448 11449 11450 11451 11452 11453 11454 #sarmatia_eschate_area
	12508 12509 12510 12511 12512 12513 12514 12515 12516 12517 12518 12519 #sarmatia_hyperborealis_area
	11430 11431 11432 11433 11434 11435 11436 11437 11438 11439 11440 11441 11442 #sarmatia_oarus_area
	12496 12497 12498 12499 12500 12501 12502 12503 12504 12505 12506 12507 #sarmatia_uralis_area
	11367 11368 11369 11370 11371 11372 11373 11374 #sarysu_area
	10255 10256 10257 10258 10259 10260 10261 10262 #seym_area
	6777 6783 6784 6785 6786 6789 6790 6791 6792 6793 6794 6795 #sirdarya_area
	12659 12664 12666 12667 #sithonia_area
	8306 #south_tarim_area
	1705 1707 1746 1748 1749 #suaneti_area
	12655 12656 12657 12658 12660 12661 12662 12663 12665 #suionia_area
	5643 5644 5646 5650 5651 5652 5654 5657 5660 5661 5662 #sumpa_area
	12630 12631 12632 12633 12634 12635 12636 12637 12638 12639 12640 12641 #suono_area
	12532 12533 12534 12535 12536 12537 12538 12539 12540 12541 12542 12543 12544 #sura_area
	9544 9546 9547 9551 9552 9553 9562 9563 9564 #sushen_area
	5560 5561 5562 5563 5564 5565 5566 5567 5568 5591 5602 #suvarna_gotra_area
	1549 1568 1569 1570 1576 1579 1580 1581 1582 1583 1585 #syracene_area
	6778 6779 6780 6781 6782 6787 6788 #talas_area
	5603 5604 #tarim_area
	1701 1728 1752 1753 1754 1755 1756 1757 1758 #tayk_area
	11455 11456 11457 11458 11459 11460 11461 11462 11463 11464 #thyssagetia_occidentalis_area
	11465 11466 11467 11468 11469 11470 11471 11472 11473 11474 11475 11476 #thyssagetia_orientalis_area
	11477 11478 11479 11480 11481 11482 11483 11484 11485 11486 11487 11488 #thyssagetia_ulterior_area
	9480 9483 9488 9489 9491 10531 10532 10533 10538 10539 #transbaikal_area
	5623 5624 5625 5626 5627 5629 5630 5631 5635 5638 5639 #tsang_area
	7808 7809 7810 7811 7812 7813 7814 7815 7816 7817 7818 7819 #turuntia_area
	10540 10541 10542 10543 10544 10545 10546 #ulangom_area
	6035 6037 6038 6039 6040 6041 6042 6043 #ultima_thule_area
	12318 12319 12320 12321 12322 12323 12324 12325 12326 12327 12328 12329 12330 #ulytau_area
	1698 1744 1747 1751 1759 1760 1761 1762 1763 1764 1765 1770 #upper_armenia_area
	12355 12356 12357 12358 12359 12360 12361 12362 12363 12364 12365 12366 12367 #upper_uralia_area
	12731 12732 12733 12734 12735 12736 12737 12738 12739 12740 12741 12742 #ussuri_area
	1076 #vasconia_area
	12618 12619 12620 12621 12622 12623 12624 12625 12626 12627 12628 12629 #velho_area
	7642 10211 10212 10213 10214 10215 10216 10217 10218 10219 10220 10221 #volyn_area
	5628 #vrji_area
	6011 6012 6013 6016 6022 6023 6024 6025 6027 6033 6034 6036 #west_gothia_area
	9464 9465 9466 9467 9468 9469 9470 9471 9472 #xihai_area
	5622 5632 5633 5634 5636 5637 5642 5645 5647 5648 5649 5653 #yarlung_area
	10245 10246 10247 10248 10249 10250 10251 10252 10253 10254 #yukhnovo_area
	10343 10344 10345 10346 10347 10348 10349 10350 10351 10352 #zarubinets_area
	5557 5569 5570 5571 5572 5574 5575 5576 5577 5582 5614 #zhangzhung_area
	12460 12461 12462 12463 12464 12465 12466 12467 12468 12469 12470 12471 #zyria_area
}

arid = LIST {
	6826 6850 6851 6853 7220 #abhiria_area
	651 #aksum_area
	627 628 629 630 631 7584 #alana_area
	9904 9905 9906 9907 9908 9909 9910 9911 9912 9913 #allaqi_area
	5536 5537 5538 5539 5540 5550 5551 5552 5553 5554 5555 5556 9942 9943 #ammon_area
	4606 4608 4610 4620 4621 4625 4626 4627 4628 4629 #arabia_ad_sinus_area
	4618 4623 4624 4653 4719 4720 7574 7575 11264 11265 11266 #arabia_deserta_area
	4662 4663 4664 4665 4666 4667 4668 4683 4693 4696 #arabia_felix_centralis_area
	4637 4639 4670 4671 4672 4673 4674 4690 4699 4700 4701 #arabia_felix_occidentalis_area
	4630 4631 4632 4633 4634 4635 4636 4638 #arabia_maritimae_area
	702 703 704 705 706 707 708 727 728 729 730 #arabia_petrea_area
	724 725 726 4600 4601 4602 4603 4604 4611 4612 4613 4713 #arabia_relicta_area
	3407 3412 3413 3414 3416 3421 3422 3423 3429 3473 #ardashir_area
	7224 #aria_area
	7525 7526 7528 7529 7530 7531 10469 10470 10471 10478 10479 10480 #aromata_area
	11216 11217 11218 11219 11220 11221 11222 11223 11224 11225 #asir_area
	3432 3433 3442 3443 6507 6509 6510 #aspadana_area
	633 3323 3328 3331 7588 7589 7590 7591 7593 #atbaras_area
	10503 10504 10505 10506 10507 10508 #awash_area
	902 903 904 922 #babylonia_area
	8218 8219 8255 8256 9582 9583 10583 10584 10585 10586 #barkol_area
	9888 9889 9890 9891 9892 9893 9894 9895 #bayuda_area
	8215 8216 8217 8220 8221 8222 8223 8224 #beishan_area
	3415 3424 3425 3426 3427 4959 4960 4961 6528 6529 6576 6587 #carmania_area
	5416 5417 7208 7209 7210 11251 11252 11253 #central_omana_area
	10176 10177 #chefia_area
	3340 3341 3342 3343 3344 3345 3346 3347 3348 3349 3350 3351 3352 3357 #cyrenaica_inferioris_area
	7554 #decapolis_area
	4605 4607 4609 4615 4616 4617 4619 4622 4714 4715 4716 #dedan_area
	6560 6574 6575 6577 6584 6585 6586 6588 6589 6590 6591 6607 #drangiana_area
	4709 7216 7568 7569 7570 7571 7572 7573 11246 11261 #dufar_area
	8227 8228 8229 8230 8231 8232 9578 9579 #dunhuang_area
	5418 5419 5420 5421 7212 7213 7214 7215 7217 11233 11247 11248 #east_omana_area
	9896 9897 9898 9899 9900 9901 9902 9903 #eastern_desert_area
	10481 10482 10483 10484 10485 10486 10487 10488 #elephas_area
	824 825 826 827 828 829 905 906 907 908 953 954 #euphrates_area
	5514 5523 5524 5525 5526 5527 5528 5529 5530 5545 #farfara_area
	10138 10139 10140 10141 10142 10143 10144 10145 10146 10147 10170 #figuig_area
	9496 9497 9498 9499 9500 9501 9502 9503 9504 9505 9506 9507 #fuyangju_area
	9914 9915 9916 9917 9918 9919 9920 9921 #gabgaba_area
	3168 3185 3186 3187 3188 3189 3193 3203 3204 3206 3207 #gaetulia_centralis_area
	3153 3154 3155 3156 3169 3170 3171 3172 3173 3174 3176 #gaetulia_occidentalis_area
	3194 3195 3196 3198 3199 3200 3201 3202 #gaetulia_orientalis_area
	6513 6517 6520 6521 6522 6523 6524 6525 6530 6592 6593 6620 #gedrosia_area
	5405 5406 5407 7199 7200 7201 7202 7203 7204 #gerrha_area
	10021 10022 10023 10024 10025 10026 10027 10028 #girgiri_area
	9508 #guyan_area
	4658 4675 4676 4677 4678 4679 4685 4703 4710 4711 4712 11236 11237 11240 #hadramut_occidentalis_area
	4704 4705 4706 4707 4708 11234 11235 11238 11239 11241 11242 11243 11244 11245 #hadramut_orientalis_area
	4791 4958 6512 6514 6515 6516 6578 6579 6580 6581 6582 6583 #harmozeia_area
	9979 9980 9981 9982 9983 9984 9985 9986 #hayaa_area
	5547 #heptanomis_area
	9998 9999 10000 10001 10002 10003 #himka_area
	7550 7551 7552 7553 10509 10510 10511 #ichthyophagia_area
	10158 10159 10160 10161 10162 10163 10164 10165 10166 10167 10168 #jedi_area
	8233 8234 8235 8236 8237 8238 8239 8240 8257 9581 #jiuquan_area
	6825 6833 6840 6841 6842 6844 6845 #kaccha_area
	5500 5501 5502 5503 5504 5505 5509 5510 5511 5512 5522 #kharga_area
	5506 5507 5508 5513 5515 5516 5517 5518 5519 5520 5521 #khargana_area
	10050 10051 10052 10053 10054 10055 10056 10057 10058 10059 #lotophagia_area
	3081 3082 10111 10112 10113 10114 10115 10116 10174 #lower_moulouya_area
	3367 3368 3369 3370 3371 3372 3373 9969 9970 #marmarica_occidentalis_area
	3374 3375 3376 3377 3378 3379 3380 3476 3477 3478 #marmarica_orientalis_area
	10076 10077 10078 10079 10080 10081 10082 10083 10084 10085 10086 10175 #marrakesh_area
	4484 #matsya_area
	3138 #mauretania_caesariensis_maioris_area
	3127 3128 3129 3130 3131 3132 3135 3136 3137 3141 3142 #mauretania_caesariensis_minoris_area
	3399 3417 3418 3419 3420 3428 3430 3431 6508 #media_felix_area
	3321 3322 7587 7592 #meroe_area
	5399 #meshan_area
	7523 7524 7527 7532 7533 7534 #mosylon_area
	9990 9991 9992 9993 9994 9995 9996 9997 #murzuq_area
	564 565 566 579 580 581 582 647 649 650 #myos_hormos_area
	3460 3470 3471 3472 3474 3475 5436 5438 6500 6501 6502 6503 6504 6505 #namek_area
	619 620 621 622 623 624 625 626 645 646 7585 7586 #napata_area
	9944 9945 9946 9947 9948 9949 9950 9951 9952 9953 9954 9955 #nasamonia_area
	4372 4373 4374 4375 4377 #north_sindhu_area
	5665 5667 5668 6753 6754 6755 7183 7184 8208 #north_tarim_area
	9747 9750 9752 9753 9754 9755 9757 9758 #nuomuhong_area
	5412 5413 5414 5415 5429 5430 7205 7206 7207 7211 11249 11250 #omana_area
	6546 6549 6550 6551 6552 6561 6569 6570 6594 6595 #pactya_area
	754 755 756 775 800 801 802 803 804 806 815 850 #palmyra_area
	6533 6534 6535 6537 6538 6539 6540 6571 6616 6617 6618 6619 #parecania_area
	4784 4787 #pars_area
	3439 3440 3449 3455 3456 3457 3458 3459 3469 4994 4995 #parthia_komishene_area
	5531 5532 5533 5534 5535 5541 5542 5543 5544 5546 5548 #parva_area
	10038 10039 10040 10041 10042 10043 10044 10045 10046 10047 10048 10049 #phazania_area
	9968 10004 10005 10006 10007 10008 10009 10010 10011 #psyllia_area
	7500 7501 7594 7595 7596 7597 7598 7599 #ptolemais_area
	944 5400 5401 5402 5403 5404 7196 7197 7198 11262 11263 #qaraah_area
	4717 4718 4721 7556 7557 7558 7559 7560 7561 7562 7563 7564 7565 11197 11226 #qedar_area
	5444 5446 6562 6566 6597 6598 6599 6600 6601 6603 6604 6605 6606 7225 #sagartia_area
	10148 10149 10150 10151 10152 10153 10154 10155 10156 10157 #saharan_atlas_area
	4354 4356 4357 4358 4359 4360 4363 6827 7660 #sauvira_area
	11198 11199 11200 11201 11202 11203 11204 11227 11228 11260 #shammar_area
	8582 8583 8584 #shang_area
	9971 9972 9973 9974 9975 9976 9977 9978 9988 9989 #shatti_area
	9397 9571 9572 #shuofang_area
	10119 10120 10121 10122 10123 10124 10125 10126 10127 10178 10179 10180 #sijilmasa_area
	505 506 1600 1604 1675 1682 1684 1688 1693 1708 1709 1710 #sinai_area
	10389 10390 10391 10392 10393 10394 10395 10396 10397 10398 #sinkat_area
	9956 9957 9958 9959 9960 9961 9962 9963 9964 9965 9966 9967 #soda_area
	10029 10030 10031 10032 10033 10034 10035 10036 10037 #soffegin_area
	10067 10068 10069 10070 10071 10072 10073 10074 10075 10098 10099 10100 #souss_area
	5669 6741 6743 6745 6747 6748 6749 6750 6752 8213 8214 #south_tarim_area
	757 758 #syria_coele_area
	3479 3480 4669 7576 7577 7578 7601 11255 11256 #taifa_area
	8303 8304 #talas_area
	5666 6742 6744 6746 6756 6757 6758 6761 #tarim_area
	3301 3302 3303 3304 3305 3306 3324 3325 3326 3327 #tripolitania_centralis_area
	3291 3293 3294 3295 3296 3297 3298 3299 3300 #tripolitania_occidentalis_area
	3329 3330 3332 3333 3334 3335 3336 3337 3338 3339 #tripolitania_orientalis_area
	3190 3191 3290 10060 10061 10062 10063 10064 10065 10066 #tritonia_area
	575 578 583 584 585 586 587 588 589 590 #troglodytica_area
	5408 5409 5410 5411 11229 11230 11231 11232 #ukrush_area
	10087 10088 10089 10090 10091 10092 10093 10094 10095 10096 10097 10169 #upper_draa_area
	10101 10102 10103 10104 10105 10106 10107 10108 10109 10110 #upper_moulouya_area
	7522 10459 10460 10461 10462 10463 10464 10465 10466 10467 10468 #upper_punt_area
	3400 3401 3402 3403 3404 3408 3409 3410 3411 4955 4956 4957 #utia_area
	7566 7567 #veh_kavad_area
	4781 4788 4789 4790 4792 4793 4794 4795 4796 4797 4962 #veshapur_area
	3451 3461 3462 3463 3464 3465 3466 3467 3468 6602 #vishpauzatis_area
	10498 10499 10500 10501 #webiyada_area
	8248 8249 8250 8251 8252 8253 8254 #wuwei_area
	8597 #wuyuan_area
	8593 8594 8595 8596 8598 8599 #xihe_area
	11205 11206 11207 11208 11209 11210 11211 11212 11213 11214 11215 11257 11258 11259 #yamama_area
	8209 8210 8211 8212 8225 8226 8241 9576 9577 #yanqi_area
	9512 9513 9514 9515 9516 9517 9518 9573 #yinshan_north_area
	9987 10012 10013 10014 10015 10016 10017 10018 10019 10020 #zamzam_area
	8242 8243 8244 8245 8246 8247 9878 #zhangye_area
	10489 10490 10491 10492 10493 10494 10495 10496 10497 #zingis_area
}

