object={
	name="rock_red_generator_1_0"
	clamp_to_water_level=no
	render_under_water=no
	generated_content=yes
	layer="rock_layer"
	pdxmesh="rock_Lshape_red_mesh"
	count=118
	transform="88.131233 0.000000 810.776367 0.000000 0.714851 0.000000 -0.699277 0.601498 0.601498 0.601498
68.829803 0.000000 836.919617 0.000000 0.176356 0.000000 0.984326 0.320137 0.320137 0.320137
120.127335 0.000000 842.768555 0.000000 0.884580 0.000000 0.466388 0.437132 0.437132 0.437132
105.807686 0.000000 836.308655 0.000000 0.999985 0.000000 -0.005463 0.500709 0.500709 0.500709
90.434258 0.000000 867.440674 0.000000 0.692086 0.000000 0.721815 0.393699 0.393699 0.393699
146.586731 0.000000 854.755676 0.000000 0.651532 0.000000 0.758621 0.389059 0.389059 0.389059
154.321106 0.000000 854.956543 0.000000 0.999840 0.000000 -0.017859 0.502350 0.502350 0.502350
171.467209 0.000000 847.512817 0.000000 0.255788 0.000000 -0.966733 0.669359 0.669359 0.669359
175.637787 0.000000 859.763794 0.000000 0.923149 0.000000 -0.384442 0.551917 0.551917 0.551917
128.099640 0.000000 876.228333 0.000000 0.883216 0.000000 -0.468967 0.563368 0.563368 0.563368
177.105911 0.000000 894.365601 0.000000 0.517416 0.000000 0.855734 0.363602 0.363602 0.363602
202.459549 0.000000 861.320007 0.000000 0.926869 0.000000 -0.375384 0.551013 0.551013 0.551013
104.521484 0.000000 936.482239 0.000000 0.992593 0.000000 -0.121486 0.515902 0.515902 0.515902
160.095734 0.000000 908.220520 0.000000 0.109060 0.000000 0.994035 0.305157 0.305157 0.305157
138.467361 0.000000 957.296570 0.000000 0.220661 0.000000 0.975351 0.321933 0.321933 0.321933
128.170624 0.000000 929.419983 0.000000 0.885337 0.000000 0.464950 0.437705 0.437705 0.437705
248.111710 0.000000 906.752930 0.000000 0.228525 0.000000 0.973538 0.328018 0.328018 0.328018
228.373352 0.000000 905.945312 0.000000 0.609575 0.000000 0.792728 0.379579 0.379579 0.379579
238.724899 0.000000 896.643066 0.000000 0.256525 0.000000 -0.966538 0.672862 0.672862 0.672862
213.469147 0.000000 995.731140 0.000000 0.546360 0.000000 -0.837550 0.628884 0.628884 0.628884
267.455475 0.000000 879.505005 0.000000 0.465670 0.000000 -0.884958 0.638868 0.638868 0.638868
264.501953 0.000000 904.490051 0.000000 0.968382 0.000000 0.249472 0.467457 0.467457 0.467457
260.369446 0.000000 905.945312 0.000000 0.739479 0.000000 0.673179 0.402284 0.402284 0.402284
288.080139 0.000000 972.204895 0.000000 0.960098 0.000000 -0.279664 0.536726 0.536726 0.536726
329.780365 0.000000 964.277405 0.000000 0.905355 0.000000 -0.424655 0.557046 0.557046 0.557046
464.839905 0.000000 1002.213806 0.000000 0.365278 0.000000 -0.930899 0.655079 0.655079 0.655079
586.412720 0.000000 1021.280945 0.000000 0.724240 0.000000 -0.689548 0.599346 0.599346 0.599346
754.584167 0.000000 944.338623 0.000000 0.335219 0.000000 0.942140 0.341683 0.341683 0.341683
798.181824 0.000000 958.133789 0.000000 0.165385 0.000000 0.986229 0.317297 0.317297 0.317297
2044.074097 0.000000 282.114563 0.000000 0.763908 0.000000 0.645325 0.409463 0.409463 0.409463
2029.238770 0.000000 340.824615 0.000000 0.999178 0.000000 0.040549 0.494765 0.494765 0.494765
1964.269409 0.000000 491.048889 0.000000 0.915295 0.000000 0.402785 0.446285 0.446285 0.446285
1951.948120 0.000000 513.521545 0.000000 0.805855 0.000000 0.592113 0.417419 0.417419 0.417419
1922.546509 0.000000 701.113953 0.000000 0.930571 0.000000 0.366110 0.451246 0.451246 0.451246
1951.948120 0.000000 673.482483 0.000000 0.375907 0.000000 0.926657 0.346996 0.346996 0.346996
1992.291138 0.000000 648.552551 0.000000 0.273187 0.000000 0.961961 0.331677 0.331677 0.331677
1782.606934 0.000000 826.032349 0.000000 0.997426 0.000000 -0.071706 0.509317 0.509317 0.509317
1802.264404 0.000000 797.335632 0.000000 0.952968 0.000000 0.303070 0.460180 0.460180 0.460180
460.452942 0.000000 1034.916138 0.000000 0.933674 0.000000 0.358124 0.452544 0.452544 0.452544
382.185822 0.000000 1205.615723 0.000000 0.516860 0.000000 0.856070 0.367107 0.367107 0.367107
534.759155 0.000000 1049.977661 0.000000 0.145110 0.000000 -0.989416 0.684661 0.684661 0.684661
669.127258 0.000000 1030.512695 0.000000 0.848076 0.000000 -0.529875 0.572220 0.572220 0.572220
784.800903 0.000000 1066.198120 0.000000 0.958516 0.000000 -0.285039 0.537524 0.537524 0.537524
2223.387939 0.000000 123.943459 0.000000 0.559995 0.000000 -0.828496 0.627246 0.627246 0.627246
2199.873779 0.000000 138.940414 0.000000 0.229474 0.000000 0.973315 0.326471 0.326471 0.326471
2198.556152 0.000000 218.180756 0.000000 0.204149 0.000000 -0.978940 0.678595 0.678595 0.678595
2361.563477 0.000000 178.378128 0.000000 0.998841 0.000000 0.048130 0.493833 0.493833 0.493833
2346.197998 0.000000 253.468445 0.000000 0.967333 0.000000 0.253511 0.467302 0.467302 0.467302
2359.854248 0.000000 234.916977 0.000000 0.998354 0.000000 -0.057349 0.507320 0.507320 0.507320
2400.695068 0.000000 213.458817 0.000000 0.123551 0.000000 0.992338 0.314326 0.314326 0.314326
2138.184570 0.000000 259.589111 0.000000 0.468266 0.000000 -0.883588 0.642280 0.642280 0.642280
2172.058594 0.000000 474.067688 0.000000 0.468274 0.000000 0.883583 0.359074 0.359074 0.359074
2338.495850 0.000000 285.215515 0.000000 0.787437 0.000000 -0.616395 0.586221 0.586221 0.586221
2335.830322 0.000000 300.368958 0.000000 0.863799 0.000000 0.503837 0.431450 0.431450 0.431450
2351.181885 0.000000 334.051575 0.000000 0.993807 0.000000 -0.111122 0.514567 0.514567 0.514567
2314.201904 0.000000 381.437195 0.000000 0.724748 0.000000 -0.689014 0.596972 0.596972 0.596972
2460.023438 0.000000 282.114563 0.000000 0.882657 0.000000 -0.470017 0.563523 0.563523 0.563523
2525.330322 0.000000 333.218384 0.000000 0.090986 0.000000 -0.995852 0.691724 0.691724 0.691724
2516.466309 0.000000 328.127960 0.000000 0.645471 0.000000 -0.763784 0.613051 0.613051 0.613051
2553.540039 0.000000 338.339081 0.000000 0.323173 0.000000 0.946340 0.339730 0.339730 0.339730
2312.252197 0.000000 392.615051 0.000000 0.855110 0.000000 -0.518446 0.570348 0.570348 0.570348
2589.322510 0.000000 365.210571 0.000000 0.725036 0.000000 -0.688711 0.597867 0.597867 0.597867
2665.488525 0.000000 435.008087 0.000000 0.762025 0.000000 -0.647548 0.591968 0.591968 0.591968
2649.528320 0.000000 466.307831 0.000000 0.972509 0.000000 -0.232867 0.530218 0.530218 0.530218
2688.423096 0.000000 487.811035 0.000000 0.594790 0.000000 -0.803881 0.619593 0.619593 0.619593
2692.509766 0.000000 485.005554 0.000000 0.464880 0.000000 -0.885374 0.640339 0.640339 0.640339
2076.070312 0.000000 570.044250 0.000000 0.408143 0.000000 -0.912918 0.650204 0.650204 0.650204
2065.498047 0.000000 576.140625 0.000000 0.998841 0.000000 0.048129 0.493737 0.493737 0.493737
2059.236816 0.000000 623.567505 0.000000 0.323119 0.000000 0.946358 0.338792 0.338792 0.338792
2050.530762 0.000000 637.129578 0.000000 0.853827 0.000000 -0.520557 0.570530 0.570530 0.570530
2291.883545 0.000000 734.798462 0.000000 0.636540 0.000000 -0.771244 0.613246 0.613246 0.613246
2341.405762 0.000000 640.237183 0.000000 0.999384 0.000000 0.035104 0.495486 0.495486 0.495486
2335.830322 0.000000 684.275208 0.000000 0.998795 0.000000 0.049086 0.493601 0.493601 0.493601
2749.302979 0.000000 909.077759 0.000000 0.999835 0.000000 -0.018160 0.502353 0.502353 0.502353
3811.936035 0.000000 937.937500 0.000000 0.858952 0.000000 0.512057 0.429272 0.429272 0.429272
3826.209473 0.000000 976.330811 0.000000 0.000442 0.000000 -1.000000 0.702688 0.702688 0.702688
3865.379883 0.000000 882.206238 0.000000 0.788193 0.000000 -0.615428 0.585234 0.585234 0.585234
3886.994385 0.000000 909.910950 0.000000 0.856845 0.000000 0.515575 0.428327 0.428327 0.428327
3863.670654 0.000000 938.745117 0.000000 0.546527 0.000000 -0.837441 0.630592 0.630592 0.630592
2236.050781 0.000000 1145.903687 0.000000 0.850652 0.000000 -0.525729 0.572418 0.572418 0.572418
2161.499756 0.000000 1221.275513 0.000000 0.947910 0.000000 -0.318538 0.542248 0.542248 0.542248
2179.818115 0.000000 1198.373169 0.000000 0.914227 0.000000 0.405203 0.446464 0.446464 0.446464
2176.091553 0.000000 1200.793823 0.000000 0.993937 0.000000 -0.109954 0.514441 0.514441 0.514441
2182.448486 0.000000 1211.934937 0.000000 0.662038 0.000000 0.749470 0.388527 0.388527 0.388527
2226.404785 0.000000 1200.276123 0.000000 0.881933 0.000000 -0.471375 0.563600 0.563600 0.563600
2225.478516 0.000000 1183.992188 0.000000 0.256713 0.000000 -0.966488 0.670545 0.670545 0.670545
2208.087646 0.000000 1232.786011 0.000000 0.993522 0.000000 -0.113638 0.514784 0.514784 0.514784
2230.675293 0.000000 1269.345581 0.000000 0.469913 0.000000 -0.882713 0.640954 0.640954 0.640954
2445.886963 0.000000 1123.558960 0.000000 0.953335 0.000000 0.301916 0.460796 0.460796 0.460796
2240.477783 0.000000 1319.607910 0.000000 0.820904 0.000000 -0.571066 0.579664 0.579664 0.579664
2353.462891 0.000000 1311.960938 0.000000 0.053808 0.000000 -0.998551 0.699584 0.699584 0.699584
2397.986572 0.000000 1342.040039 0.000000 0.980321 0.000000 0.197411 0.473954 0.473954 0.473954
2386.313477 0.000000 1366.630737 0.000000 0.480967 0.000000 0.876739 0.362818 0.362818 0.362818
2735.325439 0.000000 1531.599731 0.000000 0.617066 0.000000 0.786911 0.379018 0.379018 0.379018
2752.415283 0.000000 1511.561035 0.000000 0.998667 0.000000 0.051616 0.493051 0.493051 0.493051
2755.747803 0.000000 1518.295044 0.000000 0.593491 0.000000 -0.804840 0.623303 0.623303 0.623303
2768.558838 0.000000 1514.088745 0.000000 0.416637 0.000000 -0.909073 0.648132 0.648132 0.648132
2761.476807 0.000000 1522.742432 0.000000 0.713316 0.000000 -0.700843 0.602948 0.602948 0.602948
2791.451904 0.000000 1520.107300 0.000000 0.323534 0.000000 0.946217 0.331721 0.331721 0.331721
2985.449463 0.000000 1298.797119 0.000000 0.958329 0.000000 -0.285666 0.537898 0.537898 0.537898
2786.286865 0.000000 1554.641113 0.000000 0.318256 0.000000 -0.948005 0.671836 0.671836 0.671836
3536.465088 0.000000 1354.127808 0.000000 0.469630 0.000000 0.882864 0.360624 0.360624 0.360624
3795.503174 0.000000 1036.541870 0.000000 0.280088 0.000000 0.959974 0.331326 0.331326 0.331326
3749.233887 0.000000 1184.104370 0.000000 0.929275 0.000000 0.369389 0.450315 0.450315 0.450315
3739.867188 0.000000 1241.880249 0.000000 0.991909 0.000000 -0.126948 0.516239 0.516239 0.516239
3737.883789 0.000000 1238.862793 0.000000 0.935006 0.000000 0.354631 0.452395 0.452395 0.452395
3411.746826 0.000000 1726.556274 0.000000 0.371749 0.000000 -0.928333 0.652989 0.652989 0.652989
3717.233398 0.000000 2514.294678 0.000000 0.806143 0.000000 0.591720 0.418115 0.418115 0.418115
3726.910400 0.000000 2549.479736 0.000000 0.943627 0.000000 -0.331010 0.546241 0.546241 0.546241
3576.446045 0.000000 2918.030029 0.000000 0.221829 0.000000 0.975086 0.322427 0.322427 0.322427
3578.008789 0.000000 2914.940674 0.000000 0.933582 0.000000 0.358363 0.449765 0.449765 0.449765
3575.493164 0.000000 2915.726074 0.000000 0.923359 0.000000 -0.383937 0.553124 0.553124 0.553124
3606.036133 0.000000 2620.478027 0.000000 0.930253 0.000000 0.366920 0.448601 0.448601 0.448601
3667.518799 0.000000 2604.158936 0.000000 0.962825 0.000000 -0.270127 0.536738 0.536738 0.536738
3729.294922 0.000000 2559.656250 0.000000 0.388138 0.000000 0.921601 0.342559 0.342559 0.342559
3680.302002 0.000000 2983.201660 0.000000 0.722083 0.000000 -0.691807 0.598800 0.598800 0.598800
3685.241699 0.000000 2975.666992 0.000000 0.074036 0.000000 0.997256 0.299346 0.299346 0.299346
3734.368652 0.000000 3001.500977 0.000000 0.216154 0.000000 0.976359 0.316932 0.316932 0.316932
"}
object={
	name="rock_red_generator_1_1"
	clamp_to_water_level=no
	render_under_water=no
	generated_content=yes
	layer="rock_layer"
	pdxmesh="rock_jagged_red_mesh"
	count=45
	transform="85.484764 0.000000 867.762390 0.000000 0.611413 0.000000 0.791311 0.382164 0.382164 0.382164
224.723724 0.000000 871.717285 0.000000 0.555751 0.000000 -0.831349 0.631833 0.631833 0.631833
46.179577 0.000000 899.613586 0.000000 0.276957 0.000000 0.960882 0.331865 0.331865 0.331865
220.296661 0.000000 985.942688 0.000000 0.141124 0.000000 -0.989992 0.682328 0.682328 0.682328
242.575027 0.000000 982.724426 0.000000 0.287304 0.000000 0.957840 0.335826 0.335826 0.335826
303.431732 0.000000 877.918762 0.000000 0.168961 0.000000 0.985623 0.316720 0.316720 0.316720
431.606567 0.000000 1019.724731 0.000000 0.791671 0.000000 -0.610948 0.586146 0.586146 0.586146
2011.284546 0.000000 384.282379 0.000000 0.915857 0.000000 0.401505 0.446776 0.446776 0.446776
1956.042358 0.000000 664.777832 0.000000 0.887613 0.000000 0.460589 0.437024 0.437024 0.437024
1954.388184 0.000000 658.859863 0.000000 0.567378 0.000000 0.823458 0.371262 0.371262 0.371262
1762.566040 0.000000 797.090515 0.000000 0.926650 0.000000 -0.375926 0.549936 0.549936 0.549936
1835.264160 0.000000 783.528442 0.000000 0.171759 0.000000 0.985139 0.320931 0.320931 0.320931
549.624451 0.000000 1056.135620 0.000000 0.401933 0.000000 -0.915669 0.650513 0.650513 0.650513
2314.201904 0.000000 189.484070 0.000000 0.711024 0.000000 -0.703168 0.599877 0.599877 0.599877
2080.734131 0.000000 341.427551 0.000000 0.954372 0.000000 0.298621 0.461162 0.461162 0.461162
2459.229980 0.000000 256.313629 0.000000 0.965633 0.000000 0.259910 0.466195 0.466195 0.466195
2506.178467 0.000000 349.445007 0.000000 0.925812 0.000000 -0.377984 0.549643 0.549643 0.549643
2570.170654 0.000000 349.445007 0.000000 0.681495 0.000000 -0.731823 0.605557 0.605557 0.605557
2634.162842 0.000000 413.429382 0.000000 0.194387 0.000000 -0.980925 0.676121 0.676121 0.676121
2631.900391 0.000000 438.577484 0.000000 0.129875 0.000000 0.991530 0.312987 0.312987 0.312987
2093.231201 0.000000 532.777771 0.000000 0.488395 0.000000 0.872623 0.363378 0.363378 0.363378
3833.383789 0.000000 882.206238 0.000000 0.351402 0.000000 -0.936225 0.657005 0.657005 0.657005
3837.764160 0.000000 981.670349 0.000000 0.155056 0.000000 -0.987906 0.685124 0.685124 0.685124
2208.718506 0.000000 1237.208862 0.000000 0.222989 0.000000 0.974821 0.327624 0.327624 0.327624
2440.236572 0.000000 1096.443115 0.000000 0.544383 0.000000 -0.838837 0.627699 0.627699 0.627699
2176.485596 0.000000 1319.607910 0.000000 0.224180 0.000000 0.974548 0.328452 0.328452 0.328452
2752.021240 0.000000 1520.715698 0.000000 0.351839 0.000000 -0.936060 0.659666 0.659666 0.659666
2771.628174 0.000000 1516.424683 0.000000 0.839181 0.000000 0.543852 0.422336 0.422336 0.422336
2791.880859 0.000000 1526.311890 0.000000 0.874204 0.000000 -0.485559 0.567085 0.567085 0.567085
2747.354004 0.000000 1545.888184 0.000000 0.588273 0.000000 -0.808662 0.627213 0.627213 0.627213
2787.743896 0.000000 1550.287231 0.000000 0.276465 0.000000 0.961024 0.326965 0.326965 0.326965
2789.351074 0.000000 1568.010620 0.000000 0.579543 0.000000 0.814942 0.374189 0.374189 0.374189
3579.886719 0.000000 1401.841187 0.000000 0.196102 0.000000 -0.980583 0.675211 0.675211 0.675211
3830.479980 0.000000 1077.392456 0.000000 0.663015 0.000000 0.748606 0.388910 0.388910 0.388910
3746.323975 0.000000 1149.004517 0.000000 0.475538 0.000000 0.879695 0.360683 0.360683 0.360683
3820.042969 0.000000 1098.900513 0.000000 0.887434 0.000000 0.460935 0.437929 0.437929 0.437929
3675.081543 0.000000 1216.079224 0.000000 0.824084 0.000000 -0.566468 0.579232 0.579232 0.579232
3623.779297 0.000000 1366.350952 0.000000 0.767498 0.000000 0.641051 0.408099 0.408099 0.408099
3727.204346 0.000000 2555.349609 0.000000 0.062040 0.000000 0.998074 0.299994 0.299994 0.299994
3570.168945 0.000000 2742.294678 0.000000 0.022801 0.000000 0.999740 0.299039 0.299039 0.299039
3574.853027 0.000000 2887.962402 0.000000 0.683519 0.000000 -0.729932 0.612146 0.612146 0.612146
3575.341553 0.000000 2912.003174 0.000000 0.998115 0.000000 -0.061373 0.508310 0.508310 0.508310
3577.176270 0.000000 2913.013672 0.000000 0.903827 0.000000 -0.427899 0.560935 0.560935 0.560935
3723.033936 0.000000 2863.020508 0.000000 0.327284 0.000000 0.944926 0.331024 0.331024 0.331024
3726.905029 0.000000 2865.208984 0.000000 0.588938 0.000000 -0.808178 0.623577 0.623577 0.623577
"}
object={
	name="rock_red_generator_1_2"
	clamp_to_water_level=no
	render_under_water=no
	generated_content=yes
	layer="rock_layer"
	pdxmesh="rock_jagged_2_red_mesh"
	count=114
	transform="125.623016 0.000000 845.093384 0.000000 0.457591 0.000000 -0.889163 0.641673 0.641673 0.641673
185.828888 0.000000 850.214050 0.000000 0.786867 0.000000 -0.617123 0.586673 0.586673 0.586673
132.067841 0.000000 878.451294 0.000000 0.984523 0.000000 -0.175253 0.523001 0.523001 0.523001
174.232574 0.000000 895.275696 0.000000 0.871602 0.000000 -0.490214 0.567535 0.567535 0.567535
155.510956 0.000000 896.157349 0.000000 0.897703 0.000000 -0.440601 0.559119 0.559119 0.559119
148.755157 0.000000 935.979492 0.000000 0.592880 0.000000 -0.805291 0.622468 0.622468 0.622468
139.016754 0.000000 950.084839 0.000000 0.394270 0.000000 0.918995 0.344327 0.344327 0.344327
183.755463 0.000000 928.487488 0.000000 0.870847 0.000000 0.491554 0.431749 0.431749 0.431749
236.480286 0.000000 906.947327 0.000000 0.861955 0.000000 0.506985 0.430977 0.430977 0.430977
252.292755 0.000000 953.950500 0.000000 0.818867 0.000000 -0.573984 0.579062 0.579062 0.579062
138.771561 0.000000 959.942627 0.000000 0.227294 0.000000 0.973826 0.324506 0.324506 0.324506
217.824982 0.000000 1010.174988 0.000000 0.990821 0.000000 0.135183 0.482532 0.482532 0.482532
316.284943 0.000000 889.966125 0.000000 0.984878 0.000000 -0.173247 0.522344 0.522344 0.522344
256.956665 0.000000 917.286926 0.000000 0.230346 0.000000 0.973109 0.327924 0.327924 0.327924
256.956665 0.000000 981.271301 0.000000 0.445226 0.000000 0.895418 0.355704 0.355704 0.355704
302.148346 0.000000 963.597961 0.000000 0.080092 0.000000 -0.996787 0.692769 0.692769 0.692769
434.551605 0.000000 982.724426 0.000000 0.863718 0.000000 0.503975 0.432089 0.432089 0.432089
444.269318 0.000000 1017.934875 0.000000 0.954901 0.000000 0.296925 0.461013 0.461013 0.461013
428.456848 0.000000 1002.923889 0.000000 0.863714 0.000000 0.503982 0.431165 0.431165 0.431165
790.850891 0.000000 949.423706 0.000000 0.448362 0.000000 -0.893852 0.643840 0.643840 0.643840
789.398865 0.000000 963.738953 0.000000 0.778229 0.000000 0.627981 0.412027 0.412027 0.412027
2016.505127 0.000000 359.842285 0.000000 0.669239 0.000000 0.743047 0.392306 0.392306 0.392306
1975.900879 0.000000 650.815430 0.000000 0.278570 0.000000 0.960416 0.334014 0.334014 0.334014
1967.419189 0.000000 667.810669 0.000000 0.393320 0.000000 0.919402 0.347975 0.347975 0.347975
2012.078003 0.000000 698.013000 0.000000 0.014051 0.000000 0.999901 0.299457 0.299457 0.299457
1755.474976 0.000000 778.075623 0.000000 0.479027 0.000000 0.877800 0.359592 0.359592 0.359592
1765.476074 0.000000 768.205933 0.000000 0.999898 0.000000 -0.014283 0.501847 0.501847 0.501847
1770.572510 0.000000 767.989502 0.000000 0.890548 0.000000 0.454889 0.438457 0.438457 0.438457
1849.625854 0.000000 786.229675 0.000000 0.082145 0.000000 0.996620 0.307869 0.307869 0.307869
372.117798 0.000000 1214.681274 0.000000 0.997832 0.000000 -0.065806 0.508516 0.508516 0.508516
537.118408 0.000000 1053.946289 0.000000 0.957194 0.000000 -0.289446 0.538341 0.538341 0.538341
569.782043 0.000000 1042.167236 0.000000 0.446475 0.000000 -0.894796 0.643285 0.643285 0.643285
687.384888 0.000000 1037.879639 0.000000 0.970172 0.000000 0.242419 0.467968 0.467968 0.467968
736.661255 0.000000 1031.678223 0.000000 0.039511 0.000000 -0.999219 0.696879 0.696879 0.696879
741.601013 0.000000 1024.143433 0.000000 0.818909 0.000000 -0.573923 0.580121 0.580121 0.580121
798.135071 0.000000 1045.654785 0.000000 0.990873 0.000000 0.134797 0.482380 0.482380 0.482380
800.017639 0.000000 1036.189331 0.000000 0.803138 0.000000 0.595793 0.417142 0.417142 0.417142
2076.070312 0.000000 250.122391 0.000000 0.093953 0.000000 -0.995577 0.689494 0.689494 0.689494
2173.967285 0.000000 245.850037 0.000000 0.734603 0.000000 0.678497 0.402819 0.402819 0.402819
2231.869873 0.000000 138.940414 0.000000 0.942576 0.000000 -0.333993 0.543613 0.543613 0.543613
2204.054688 0.000000 186.138016 0.000000 0.708275 0.000000 0.705937 0.396884 0.396884 0.396884
2294.791748 0.000000 175.104126 0.000000 0.677123 0.000000 -0.735870 0.608800 0.608800 0.608800
2207.845947 0.000000 204.392410 0.000000 0.494715 0.000000 -0.869055 0.636739 0.636739 0.636739
2344.248291 0.000000 168.669724 0.000000 0.138200 0.000000 0.990404 0.315507 0.315507 0.315507
2360.594482 0.000000 230.686188 0.000000 0.120423 0.000000 0.992723 0.311750 0.311750 0.311750
2093.929932 0.000000 259.769867 0.000000 0.959601 0.000000 -0.281363 0.536599 0.536599 0.536599
2297.571289 0.000000 370.331268 0.000000 0.716700 0.000000 -0.697381 0.599802 0.599802 0.599802
2163.899170 0.000000 478.860931 0.000000 0.893889 0.000000 0.448289 0.440233 0.440233 0.440233
2260.497559 0.000000 424.104523 0.000000 0.969567 0.000000 0.244826 0.467705 0.467705 0.467705
2288.617432 0.000000 426.354431 0.000000 0.893885 0.000000 0.448296 0.439652 0.439652 0.439652
2195.895264 0.000000 478.860931 0.000000 0.978634 0.000000 0.205612 0.473271 0.473271 0.473271
2204.939941 0.000000 454.653381 0.000000 0.754424 0.000000 -0.656387 0.592239 0.592239 0.592239
2181.425293 0.000000 480.276245 0.000000 0.920119 0.000000 -0.391639 0.552744 0.552744 0.552744
2347.201904 0.000000 271.653442 0.000000 0.960268 0.000000 -0.279081 0.536224 0.536224 0.536224
2329.567383 0.000000 306.346893 0.000000 0.970539 0.000000 0.240945 0.468835 0.468835 0.468835
2375.931641 0.000000 310.608734 0.000000 0.895755 0.000000 0.444549 0.440196 0.440196 0.440196
2461.932129 0.000000 309.834412 0.000000 0.654984 0.000000 0.755643 0.389219 0.389219 0.389219
2307.802490 0.000000 398.568451 0.000000 0.745491 0.000000 -0.666516 0.593615 0.593615 0.593615
2588.007812 0.000000 378.091125 0.000000 0.344299 0.000000 -0.938860 0.657682 0.657682 0.657682
2658.456787 0.000000 477.168640 0.000000 0.999682 0.000000 -0.025201 0.503272 0.503272 0.503272
2075.276611 0.000000 544.243286 0.000000 0.379653 0.000000 0.925129 0.348108 0.348108 0.348108
2074.192139 0.000000 547.518799 0.000000 0.802011 0.000000 0.597310 0.416097 0.416097 0.416097
2085.437012 0.000000 544.260620 0.000000 0.708085 0.000000 -0.706127 0.600607 0.600607 0.600607
2051.833496 0.000000 622.513794 0.000000 0.895868 0.000000 0.444319 0.440918 0.440918 0.440918
2300.042969 0.000000 634.028625 0.000000 0.615648 0.000000 0.788022 0.381723 0.381723 0.381723
2656.032959 0.000000 976.848450 0.000000 0.897434 0.000000 -0.441149 0.559654 0.559654 0.559654
2743.807373 0.000000 906.752930 0.000000 0.787737 0.000000 -0.616012 0.586158 0.586158 0.586158
2748.873535 0.000000 902.544006 0.000000 0.836390 0.000000 0.548135 0.425411 0.425411 0.425411
3522.351318 0.000000 1021.035828 0.000000 0.985112 0.000000 -0.171912 0.522429 0.522429 0.522429
3797.031982 0.000000 867.762390 0.000000 0.923783 0.000000 -0.382915 0.550523 0.550523 0.550523
3812.373047 0.000000 932.896179 0.000000 0.840590 0.000000 0.541673 0.425402 0.425402 0.425402
3845.222168 0.000000 992.151245 0.000000 0.705205 0.000000 0.709004 0.398084 0.398084 0.398084
2173.570801 0.000000 1186.899658 0.000000 0.862347 0.000000 0.506317 0.430017 0.430017 0.430017
2112.901123 0.000000 1220.434082 0.000000 0.981805 0.000000 -0.189893 0.525184 0.525184 0.525184
2364.920410 0.000000 1318.442383 0.000000 0.639885 0.000000 -0.768471 0.614219 0.614219 0.614219
2390.532715 0.000000 1337.907349 0.000000 0.978629 0.000000 0.205633 0.472906 0.472906 0.472906
2410.190186 0.000000 1405.187256 0.000000 0.505685 0.000000 -0.862718 0.634574 0.634574 0.634574
2507.182373 0.000000 1487.356567 0.000000 0.903785 0.000000 -0.427987 0.557967 0.557967 0.557967
2762.415527 0.000000 1516.764893 0.000000 0.970084 0.000000 0.242769 0.467064 0.467064 0.467064
2993.384766 0.000000 1279.968750 0.000000 0.708457 0.000000 0.705754 0.398287 0.398287 0.398287
2818.437256 0.000000 1532.910767 0.000000 0.943558 0.000000 -0.331208 0.543235 0.543235 0.543235
2778.424072 0.000000 1550.736450 0.000000 0.173415 0.000000 0.984849 0.309990 0.309990 0.309990
3516.779785 0.000000 1030.512695 0.000000 0.705014 0.000000 0.709194 0.395687 0.395687 0.395687
3533.754150 0.000000 1347.504272 0.000000 0.989176 0.000000 0.146736 0.480698 0.480698 0.480698
3730.149414 0.000000 1142.685425 0.000000 0.670734 0.000000 -0.741698 0.607643 0.607643 0.607643
3732.317871 0.000000 1127.932617 0.000000 0.770442 0.000000 0.637510 0.410087 0.410087 0.410087
3702.372559 0.000000 1177.946411 0.000000 0.668037 0.000000 -0.744128 0.609578 0.609578 0.609578
3705.993164 0.000000 1187.362549 0.000000 0.342297 0.000000 0.939592 0.338993 0.338993 0.338993
3668.325684 0.000000 1223.909180 0.000000 0.444418 0.000000 -0.895819 0.644968 0.644968 0.644968
3719.767578 0.000000 1238.382202 0.000000 0.979376 0.000000 0.202046 0.473893 0.473893 0.473893
3846.245361 0.000000 1051.973999 0.000000 0.081100 0.000000 -0.996706 0.695613 0.695613 0.695613
3626.922607 0.000000 1318.839600 0.000000 0.937360 0.000000 0.348362 0.453096 0.453096 0.453096
3671.694092 0.000000 1290.659180 0.000000 0.992674 0.000000 -0.120824 0.515452 0.515452 0.515452
3354.036133 0.000000 1699.237549 0.000000 0.187393 0.000000 -0.982285 0.684626 0.684626 0.684626
3685.237305 0.000000 2514.294678 0.000000 0.988982 0.000000 0.148037 0.480340 0.480340 0.480340
3689.363525 0.000000 2514.500244 0.000000 0.970624 0.000000 -0.240600 0.533000 0.533000 0.533000
3722.030029 0.000000 2556.906006 0.000000 0.951532 0.000000 0.307550 0.459728 0.459728 0.459728
3714.327881 0.000000 2556.660889 0.000000 0.658417 0.000000 0.752653 0.384490 0.384490 0.384490
3726.896484 0.000000 2551.716309 0.000000 0.985135 0.000000 -0.171779 0.523575 0.523575 0.523575
3711.598145 0.000000 2557.918701 0.000000 0.528099 0.000000 0.849183 0.364507 0.364507 0.364507
3570.240723 0.000000 2735.901123 0.000000 0.787617 0.000000 -0.616166 0.585355 0.585355 0.585355
3581.842041 0.000000 2909.657227 0.000000 0.593129 0.000000 -0.805108 0.624063 0.624063 0.624063
3573.059326 0.000000 2915.262451 0.000000 0.753771 0.000000 -0.657137 0.594694 0.594694 0.594694
3581.398926 0.000000 2914.477783 0.000000 0.308212 0.000000 -0.951318 0.670154 0.670154 0.670154
3603.723389 0.000000 2622.337402 0.000000 0.999668 0.000000 -0.025759 0.503383 0.503383 0.503383
3608.743652 0.000000 2621.563477 0.000000 0.028789 0.000000 -0.999586 0.706728 0.706728 0.706728
3615.609863 0.000000 2621.903076 0.000000 0.984902 0.000000 -0.173116 0.523152 0.523152 0.523152
3618.952881 0.000000 2625.703125 0.000000 0.768859 0.000000 0.639419 0.407687 0.407687 0.407687
3594.045654 0.000000 2940.812256 0.000000 0.459238 0.000000 -0.888313 0.646621 0.646621 0.646621
3584.313721 0.000000 2919.217285 0.000000 0.294411 0.000000 0.955679 0.337414 0.337414 0.337414
3725.031982 0.000000 2868.207520 0.000000 0.979672 0.000000 0.200606 0.473678 0.473678 0.473678
3594.349854 0.000000 2943.458252 0.000000 0.708918 0.000000 0.705291 0.394463 0.394463 0.394463
3689.363525 0.000000 2962.390869 0.000000 0.344092 0.000000 -0.938936 0.659842 0.659842 0.659842
3689.370361 0.000000 2979.785156 0.000000 0.084252 0.000000 -0.996445 0.693713 0.693713 0.693713
"}
object={
	name="rock_red_generator_1_3"
	clamp_to_water_level=no
	render_under_water=no
	generated_content=yes
	layer="rock_layer"
	pdxmesh="rock_S_red_mesh"
	count=236
	transform="86.813828 0.000000 826.032349 0.000000 0.246674 0.000000 -0.969098 0.671234 0.671234 0.671234
81.740067 0.000000 864.070312 0.000000 0.972971 0.000000 -0.230926 0.530194 0.530194 0.530194
156.304459 0.000000 857.973938 0.000000 0.499838 0.000000 -0.866119 0.636495 0.636495 0.636495
157.189728 0.000000 838.559631 0.000000 0.199926 0.000000 0.979811 0.322551 0.322551 0.322551
133.670624 0.000000 850.700928 0.000000 0.999873 0.000000 0.015926 0.497936 0.497936 0.497936
178.582840 0.000000 854.755676 0.000000 0.581370 0.000000 0.813639 0.377095 0.377095 0.377095
168.200912 0.000000 854.475891 0.000000 0.755822 0.000000 0.654777 0.407323 0.407323 0.407323
175.329865 0.000000 856.130432 0.000000 0.891524 0.000000 -0.452973 0.561850 0.561850 0.561850
153.165283 0.000000 893.985291 0.000000 0.576916 0.000000 0.816804 0.375434 0.375434 0.375434
158.619339 0.000000 881.864990 0.000000 0.251063 0.000000 -0.967971 0.672291 0.672291 0.672291
174.163971 0.000000 867.621399 0.000000 0.437039 0.000000 0.899443 0.353680 0.353680 0.353680
160.230927 0.000000 889.347351 0.000000 0.918499 0.000000 0.395422 0.445195 0.445195 0.445195
212.137329 0.000000 862.767212 0.000000 0.749716 0.000000 0.661760 0.406480 0.406480 0.406480
216.115616 0.000000 874.760742 0.000000 0.996297 0.000000 -0.085981 0.510982 0.510982 0.510982
252.292755 0.000000 889.966125 0.000000 0.843976 0.000000 -0.536381 0.576606 0.576606 0.576606
224.960556 0.000000 885.294739 0.000000 0.709551 0.000000 0.704654 0.398294 0.398294 0.398294
57.844505 0.000000 914.198425 0.000000 0.174201 0.000000 -0.984710 0.679449 0.679449 0.679449
157.816544 0.000000 898.970032 0.000000 0.632432 0.000000 0.774616 0.381868 0.381868 0.381868
141.469162 0.000000 948.676208 0.000000 0.813720 0.000000 0.581257 0.419321 0.419321 0.419321
174.163971 0.000000 931.605774 0.000000 0.490038 0.000000 0.871701 0.362035 0.362035 0.362035
238.156158 0.000000 899.613586 0.000000 0.479028 0.000000 -0.877799 0.642012 0.642012 0.642012
240.867249 0.000000 906.237244 0.000000 0.126972 0.000000 -0.991906 0.687754 0.687754 0.687754
254.201447 0.000000 917.685974 0.000000 0.718942 0.000000 0.695070 0.400039 0.400039 0.400039
239.439514 0.000000 909.910950 0.000000 0.957911 0.000000 -0.287064 0.538162 0.538162 0.538162
251.658493 0.000000 906.044373 0.000000 0.659586 0.000000 -0.751629 0.612115 0.612115 0.612115
234.455643 0.000000 957.296570 0.000000 0.737992 0.000000 0.674810 0.405505 0.405505 0.405505
157.619110 0.000000 973.062134 0.000000 0.248734 0.000000 -0.968572 0.672935 0.672935 0.672935
221.181915 0.000000 998.520569 0.000000 0.300814 0.000000 -0.953683 0.664255 0.664255 0.664255
207.633881 0.000000 1019.724731 0.000000 0.936246 0.000000 -0.351345 0.546517 0.546517 0.546517
308.125610 0.000000 894.759399 0.000000 0.546199 0.000000 0.837655 0.370595 0.370595 0.370595
267.332520 0.000000 902.941101 0.000000 0.892458 0.000000 -0.451131 0.562045 0.562045 0.562045
279.037598 0.000000 942.916626 0.000000 0.959739 0.000000 0.280895 0.462966 0.462966 0.462966
288.952759 0.000000 949.279114 0.000000 0.937759 0.000000 0.347286 0.453956 0.453956 0.453956
312.103912 0.000000 970.737305 0.000000 0.844885 0.000000 0.534948 0.426864 0.426864 0.426864
436.109985 0.000000 990.735962 0.000000 0.450087 0.000000 0.892985 0.357238 0.357238 0.357238
408.092194 0.000000 1002.729492 0.000000 0.810580 0.000000 -0.585627 0.580129 0.580129 0.580129
469.437927 0.000000 995.731140 0.000000 0.970555 0.000000 -0.240879 0.531399 0.531399 0.531399
478.660187 0.000000 1002.169617 0.000000 0.957978 0.000000 0.286841 0.461433 0.461433 0.461433
484.024902 0.000000 1006.420044 0.000000 0.306968 0.000000 0.951720 0.336269 0.336269 0.336269
493.426208 0.000000 1012.660583 0.000000 0.345876 0.000000 0.938280 0.342839 0.342839 0.342839
803.985840 0.000000 974.427856 0.000000 0.191118 0.000000 -0.981567 0.677925 0.677925 0.677925
808.122803 0.000000 982.444641 0.000000 0.806075 0.000000 -0.591813 0.581584 0.581584 0.581584
800.653442 0.000000 999.686035 0.000000 0.616557 0.000000 -0.787310 0.615637 0.615637 0.615637
1975.900879 0.000000 458.862274 0.000000 0.575295 0.000000 -0.817946 0.622672 0.622672 0.622672
1963.248535 0.000000 495.598755 0.000000 0.890813 0.000000 -0.454371 0.561232 0.561232 0.561232
1770.268311 0.000000 765.343445 0.000000 0.278356 0.000000 -0.960478 0.667945 0.667945 0.667945
1775.442627 0.000000 763.787231 0.000000 0.582573 0.000000 0.812779 0.376813 0.376813 0.376813
2026.237061 0.000000 605.382507 0.000000 0.339194 0.000000 -0.940717 0.656856 0.656856 0.656856
2041.602417 0.000000 594.276550 0.000000 0.940641 0.000000 -0.339404 0.544350 0.544350 0.544350
2006.579590 0.000000 634.079224 0.000000 0.991211 0.000000 0.132291 0.482809 0.482809 0.482809
1948.085815 0.000000 666.020813 0.000000 0.999574 0.000000 0.029200 0.496107 0.496107 0.496107
1950.041260 0.000000 670.204102 0.000000 0.185709 0.000000 0.982605 0.320674 0.320674 0.320674
1950.211548 0.000000 664.005554 0.000000 0.896955 0.000000 -0.442121 0.566542 0.566542 0.566542
1952.749756 0.000000 661.349426 0.000000 0.944300 0.000000 0.329086 0.454541 0.454541 0.454541
1952.118774 0.000000 656.926575 0.000000 0.972627 0.000000 0.232371 0.469321 0.469321 0.469321
1958.475586 0.000000 668.067749 0.000000 0.404137 0.000000 -0.914699 0.651353 0.651353 0.651353
1947.451538 0.000000 682.099060 0.000000 0.025347 0.000000 0.999679 0.296283 0.296283 0.296283
2032.648560 0.000000 650.299744 0.000000 0.933000 0.000000 -0.359876 0.547791 0.547791 0.547791
2011.284546 0.000000 672.212036 0.000000 0.589713 0.000000 0.807613 0.378895 0.378895 0.378895
1741.273926 0.000000 788.715271 0.000000 0.956794 0.000000 0.290768 0.461847 0.461847 0.461847
1783.560303 0.000000 768.526550 0.000000 0.126031 0.000000 -0.992026 0.690041 0.690041 0.690041
1773.968750 0.000000 803.637024 0.000000 0.943704 0.000000 0.330792 0.456400 0.456400 0.456400
1794.562134 0.000000 893.067078 0.000000 0.454208 0.000000 -0.890896 0.642165 0.642165 0.642165
498.615387 0.000000 1040.315186 0.000000 0.890748 0.000000 -0.454497 0.561015 0.561015 0.561015
380.277130 0.000000 1177.895874 0.000000 0.999562 0.000000 0.029610 0.496207 0.496207 0.496207
336.855530 0.000000 1194.166870 0.000000 0.990274 0.000000 -0.139130 0.518121 0.518121 0.518121
350.189728 0.000000 1205.615723 0.000000 0.450737 0.000000 0.892657 0.357057 0.357057 0.357057
277.461334 0.000000 1219.676392 0.000000 0.386491 0.000000 -0.922293 0.650940 0.650940 0.650940
293.655640 0.000000 1216.096558 0.000000 0.954956 0.000000 -0.296748 0.538887 0.538887 0.538887
352.708099 0.000000 1223.631348 0.000000 0.142734 0.000000 0.989761 0.315741 0.315741 0.315741
322.741730 0.000000 1340.957642 0.000000 0.438540 0.000000 -0.898712 0.643592 0.643592 0.643592
325.647217 0.000000 1330.583740 0.000000 0.867341 0.000000 0.497714 0.432629 0.432629 0.432629
331.796387 0.000000 1336.887451 0.000000 0.705182 0.000000 -0.709026 0.603888 0.603888 0.603888
305.712738 0.000000 1343.953125 0.000000 0.588574 0.000000 0.808443 0.378244 0.378244 0.378244
536.076599 0.000000 1034.721680 0.000000 0.172760 0.000000 -0.984964 0.679288 0.679288 0.679288
558.117126 0.000000 1027.582397 0.000000 0.661453 0.000000 0.749987 0.389272 0.389272 0.389272
552.466858 0.000000 1032.458740 0.000000 0.999827 0.000000 0.018581 0.497592 0.497592 0.497592
651.408630 0.000000 1039.465942 0.000000 0.991845 0.000000 0.127453 0.483409 0.483409 0.483409
699.444580 0.000000 1024.126099 0.000000 0.078297 0.000000 -0.996930 0.691139 0.691139 0.691139
692.688782 0.000000 1031.956055 0.000000 0.742585 0.000000 0.669752 0.404362 0.404362 0.404362
701.750183 0.000000 1026.938721 0.000000 0.819642 0.000000 0.572877 0.420047 0.420047 0.420047
677.608826 0.000000 1056.135620 0.000000 0.991030 0.000000 0.133643 0.482665 0.482665 0.482665
733.119446 0.000000 1030.512695 0.000000 0.572789 0.000000 -0.819703 0.624264 0.624264 0.624264
708.751709 0.000000 1060.864868 0.000000 0.804569 0.000000 -0.593859 0.582228 0.582228 0.582228
746.697388 0.000000 1055.919189 0.000000 0.959006 0.000000 0.283384 0.462915 0.462915 0.462915
796.226379 0.000000 1049.927124 0.000000 0.659073 0.000000 -0.752079 0.608592 0.608592 0.608592
800.890320 0.000000 1045.255737 0.000000 0.249268 0.000000 -0.968435 0.669900 0.669900 0.669900
2205.963379 0.000000 117.881287 0.000000 0.773867 0.000000 0.633348 0.409932 0.409932 0.409932
2159.395752 0.000000 251.912201 0.000000 0.038725 0.000000 -0.999250 0.698511 0.698511 0.698511
2229.223389 0.000000 131.942078 0.000000 0.966660 0.000000 -0.256063 0.533423 0.533423 0.533423
2228.501465 0.000000 136.174820 0.000000 0.921054 0.000000 -0.389434 0.552629 0.552629 0.552629
2231.505615 0.000000 128.682816 0.000000 0.133731 0.000000 0.991018 0.311340 0.311340 0.311340
2187.221436 0.000000 239.661240 0.000000 0.806811 0.000000 -0.590810 0.582528 0.582528 0.582528
2179.818115 0.000000 238.607513 0.000000 0.995814 0.000000 -0.091399 0.511859 0.511859 0.511859
2345.534424 0.000000 164.472748 0.000000 0.032297 0.000000 -0.999478 0.700880 0.700880 0.700880
2364.035156 0.000000 218.130203 0.000000 0.245359 0.000000 0.969432 0.331232 0.331232 0.331232
2397.939941 0.000000 213.857849 0.000000 0.128638 0.000000 -0.991692 0.687535 0.687535 0.687535
2367.961670 0.000000 217.511429 0.000000 0.973303 0.000000 0.229523 0.469820 0.469820 0.469820
2407.927734 0.000000 246.624344 0.000000 0.877707 0.000000 0.479197 0.435747 0.435747 0.435747
2085.437012 0.000000 256.330933 0.000000 0.708420 0.000000 -0.705791 0.601719 0.601719 0.601719
2141.574707 0.000000 259.126251 0.000000 0.742402 0.000000 -0.669954 0.596590 0.596590 0.596590
2149.429199 0.000000 256.330933 0.000000 0.301918 0.000000 -0.953334 0.662527 0.662527 0.662527
2048.738037 0.000000 341.427551 0.000000 0.011135 0.000000 -0.999938 0.702476 0.702476 0.702476
2048.501221 0.000000 359.842285 0.000000 0.336362 0.000000 -0.941733 0.657854 0.657854 0.657854
2250.209717 0.000000 413.429382 0.000000 0.708289 0.000000 -0.705922 0.600569 0.600569 0.600569
2282.510010 0.000000 384.083252 0.000000 0.076328 0.000000 0.997083 0.306743 0.306743 0.306743
2263.865967 0.000000 426.870087 0.000000 0.665727 0.000000 0.746195 0.391700 0.391700 0.391700
2247.947266 0.000000 438.577484 0.000000 0.951826 0.000000 -0.306639 0.540460 0.540460 0.540460
2183.955078 0.000000 470.569672 0.000000 0.775450 0.000000 -0.631409 0.588203 0.588203 0.588203
2237.365479 0.000000 461.187134 0.000000 0.991275 0.000000 0.131810 0.482838 0.482838 0.482838
2258.329102 0.000000 470.849426 0.000000 0.922999 0.000000 0.384802 0.449215 0.449215 0.449215
2239.842041 0.000000 460.329895 0.000000 0.914740 0.000000 0.404042 0.446004 0.446004 0.446004
2322.393066 0.000000 304.494904 0.000000 0.532235 0.000000 0.846596 0.370199 0.370199 0.370199
2333.353760 0.000000 301.226196 0.000000 0.866875 0.000000 -0.498526 0.568274 0.568274 0.568274
2344.248291 0.000000 296.638489 0.000000 0.996409 0.000000 -0.084674 0.511027 0.511027 0.511027
2316.226562 0.000000 331.087952 0.000000 0.958075 0.000000 -0.286517 0.537797 0.537797 0.537797
2411.194092 0.000000 335.637817 0.000000 0.999763 0.000000 0.021749 0.497220 0.497220 0.497220
2442.186279 0.000000 317.452820 0.000000 0.023626 0.000000 -0.999721 0.698923 0.698923 0.698923
2464.687256 0.000000 309.435364 0.000000 0.176427 0.000000 -0.984314 0.678114 0.678114 0.678114
2469.390137 0.000000 288.323120 0.000000 0.869953 0.000000 0.493135 0.433310 0.433310 0.433310
2524.015625 0.000000 314.106750 0.000000 0.740664 0.000000 0.671876 0.405828 0.405828 0.405828
2504.228760 0.000000 296.638489 0.000000 0.911867 0.000000 -0.410485 0.554384 0.554384 0.554384
2519.834717 0.000000 330.893524 0.000000 0.453211 0.000000 0.891403 0.358790 0.358790 0.358790
2500.533203 0.000000 357.036804 0.000000 0.283469 0.000000 -0.958981 0.665969 0.665969 0.665969
2506.482666 0.000000 352.091064 0.000000 0.177851 0.000000 -0.984057 0.680709 0.680709 0.680709
2304.075928 0.000000 400.989075 0.000000 0.999404 0.000000 -0.034511 0.504481 0.504481 0.504481
2527.877930 0.000000 385.552795 0.000000 0.982037 0.000000 0.188686 0.475215 0.475215 0.475215
2575.344971 0.000000 347.888763 0.000000 0.876830 0.000000 0.480800 0.435387 0.435387 0.435387
2584.868652 0.000000 350.118103 0.000000 0.660510 0.000000 -0.750817 0.610256 0.610256 0.610256
2560.675537 0.000000 373.419739 0.000000 0.982255 0.000000 -0.187553 0.524682 0.524682 0.524682
2653.314697 0.000000 429.194946 0.000000 0.676109 0.000000 0.736802 0.392259 0.392259 0.392259
2641.427734 0.000000 416.179688 0.000000 0.918969 0.000000 -0.394329 0.552621 0.552621 0.552621
2648.559326 0.000000 422.639313 0.000000 0.895010 0.000000 0.446046 0.439632 0.439632 0.439632
2629.370605 0.000000 448.284058 0.000000 0.181978 0.000000 -0.983303 0.677739 0.677739 0.677739
2640.574463 0.000000 458.346619 0.000000 0.140242 0.000000 -0.990117 0.684584 0.684584 0.684584
2129.490234 0.000000 544.148438 0.000000 0.347523 0.000000 -0.937671 0.658755 0.658755 0.658755
2303.834229 0.000000 652.283020 0.000000 0.960196 0.000000 0.279325 0.463108 0.463108 0.463108
2332.039062 0.000000 730.005188 0.000000 0.995598 0.000000 -0.093723 0.511974 0.511974 0.511974
2308.556641 0.000000 708.950867 0.000000 0.337639 0.000000 -0.941276 0.658904 0.658904 0.658904
2731.155029 0.000000 911.497192 0.000000 0.981497 0.000000 -0.191476 0.524723 0.524723 0.524723
2779.984375 0.000000 921.958313 0.000000 0.991262 0.000000 -0.131909 0.517009 0.517009 0.517009
2787.940918 0.000000 920.715332 0.000000 0.710329 0.000000 0.703869 0.398437 0.398437 0.398437
2837.149170 0.000000 899.754578 0.000000 0.240159 0.000000 0.970734 0.328890 0.328890 0.328890
3874.308350 0.000000 861.074890 0.000000 0.288366 0.000000 -0.957520 0.664032 0.664032 0.664032
3907.924316 0.000000 1001.921875 0.000000 0.045211 0.000000 0.998977 0.300045 0.300045 0.300045
2166.560059 0.000000 1209.938599 0.000000 0.080958 0.000000 0.996718 0.307344 0.307344 0.307344
2166.807373 0.000000 1198.854126 0.000000 0.996392 0.000000 0.084865 0.488906 0.488906 0.488906
2159.205322 0.000000 1197.840576 0.000000 0.983841 0.000000 0.179042 0.476541 0.476541 0.476541
2092.253906 0.000000 1226.869263 0.000000 0.432176 0.000000 -0.901789 0.647307 0.647307 0.647307
2159.205322 0.000000 1229.832764 0.000000 0.968921 0.000000 0.247370 0.467113 0.467113 0.467113
2170.180664 0.000000 1219.354736 0.000000 0.708408 0.000000 0.705803 0.396518 0.396518 0.396518
2176.485596 0.000000 1223.631348 0.000000 0.711398 0.000000 0.702789 0.399413 0.399413 0.399413
2197.227295 0.000000 1219.676392 0.000000 0.576907 0.000000 0.816810 0.372330 0.372330 0.372330
2235.257324 0.000000 1216.079224 0.000000 0.078308 0.000000 -0.996929 0.690764 0.690764 0.690764
2212.131348 0.000000 1225.867188 0.000000 0.441441 0.000000 -0.897290 0.647625 0.647625 0.647625
2223.088623 0.000000 1233.607544 0.000000 0.834162 0.000000 -0.551519 0.576568 0.576568 0.576568
2172.943848 0.000000 1318.442383 0.000000 0.072418 0.000000 -0.997374 0.697130 0.697130 0.697130
2231.869873 0.000000 1290.659180 0.000000 0.038607 0.000000 -0.999254 0.701203 0.701203 0.701203
2180.572266 0.000000 1316.802368 0.000000 0.957094 0.000000 0.289777 0.461540 0.461540 0.461540
2367.826416 0.000000 1324.119019 0.000000 0.079492 0.000000 -0.996835 0.696569 0.696569 0.696569
2379.197998 0.000000 1359.387817 0.000000 0.582159 0.000000 -0.813075 0.622305 0.622305 0.622305
2397.986572 0.000000 1374.032227 0.000000 0.992303 0.000000 0.123831 0.483852 0.483852 0.483852
2380.218750 0.000000 1354.838013 0.000000 0.878824 0.000000 0.477147 0.435302 0.435302 0.435302
2387.187012 0.000000 1369.866089 0.000000 0.530660 0.000000 -0.847585 0.633323 0.633323 0.633323
2413.959473 0.000000 1375.158569 0.000000 0.341338 0.000000 0.939941 0.339164 0.339164 0.339164
2455.842529 0.000000 1482.612305 0.000000 0.236291 0.000000 0.971682 0.328710 0.328710 0.328710
2487.838623 0.000000 1482.612305 0.000000 0.980736 0.000000 -0.195339 0.525081 0.525081 0.525081
2499.779053 0.000000 1486.302856 0.000000 0.530877 0.000000 -0.847449 0.630007 0.630007 0.630007
2995.797607 0.000000 1278.665649 0.000000 0.943603 0.000000 0.331079 0.455855 0.455855 0.455855
2744.849121 0.000000 1501.836914 0.000000 0.897666 0.000000 -0.440676 0.559358 0.559358 0.559358
2751.779541 0.000000 1516.072144 0.000000 0.335862 0.000000 -0.941911 0.660682 0.660682 0.660682
2755.747559 0.000000 1520.724487 0.000000 0.999479 0.000000 0.032280 0.495599 0.495599 0.495599
2797.145264 0.000000 1524.535522 0.000000 0.808586 0.000000 -0.588378 0.586061 0.586061 0.586061
2992.531494 0.000000 1290.143433 0.000000 0.240382 0.000000 0.970678 0.328920 0.328920 0.328920
2981.327637 0.000000 1312.073120 0.000000 0.573733 0.000000 -0.819042 0.624115 0.624115 0.624115
2826.139404 0.000000 1533.156006 0.000000 0.988895 0.000000 -0.148613 0.519476 0.519476 0.519476
2750.383057 0.000000 1546.036865 0.000000 0.077325 0.000000 0.997006 0.297924 0.297924 0.297924
2782.671387 0.000000 1540.758911 0.000000 0.496611 0.000000 0.867973 0.356460 0.356460 0.356460
3535.227783 0.000000 1371.638794 0.000000 0.747945 0.000000 0.663761 0.404503 0.404503 0.404503
3813.226074 0.000000 1024.143433 0.000000 0.181312 0.000000 -0.983426 0.679559 0.679559 0.679559
3835.062012 0.000000 1056.118286 0.000000 0.193061 0.000000 0.981187 0.323706 0.323706 0.323706
3828.306152 0.000000 1063.948242 0.000000 0.026318 0.000000 0.999654 0.297182 0.297182 0.297182
3765.035889 0.000000 1091.707642 0.000000 0.996074 0.000000 0.088528 0.488448 0.488448 0.488448
3775.725586 0.000000 1121.373169 0.000000 0.018157 0.000000 -0.999835 0.702340 0.702340 0.702340
3813.221680 0.000000 1138.630615 0.000000 0.988686 0.000000 -0.149998 0.519697 0.519697 0.519697
3672.735840 0.000000 1181.915039 0.000000 0.863040 0.000000 -0.505135 0.568877 0.568877 0.568877
3682.331787 0.000000 1212.988892 0.000000 0.970234 0.000000 -0.242171 0.532060 0.532060 0.532060
3693.803223 0.000000 1215.197632 0.000000 0.695335 0.000000 -0.718685 0.604905 0.604905 0.604905
3735.322021 0.000000 1152.432861 0.000000 0.226007 0.000000 -0.974126 0.677343 0.677343 0.677343
3744.294189 0.000000 1159.646973 0.000000 0.787827 0.000000 0.615896 0.415352 0.415352 0.415352
3789.722900 0.000000 1155.551147 0.000000 0.740148 0.000000 0.672445 0.405545 0.405545 0.405545
3723.033936 0.000000 1231.419067 0.000000 0.355950 0.000000 0.934505 0.344831 0.344831 0.344831
3624.092041 0.000000 1320.388428 0.000000 0.135616 0.000000 0.990762 0.313380 0.313380 0.313380
3357.426270 0.000000 1698.774658 0.000000 0.586890 0.000000 -0.809667 0.623674 0.623674 0.623674
3383.729248 0.000000 1706.557617 0.000000 0.141265 0.000000 0.989972 0.313409 0.313409 0.313409
3687.235352 0.000000 2515.720459 0.000000 0.581178 0.000000 -0.813777 0.629818 0.629818 0.629818
3730.149414 0.000000 2550.341553 0.000000 0.586625 0.000000 0.809858 0.377461 0.377461 0.377461
3725.799316 0.000000 2558.869385 0.000000 0.240287 0.000000 -0.970702 0.676730 0.676730 0.676730
3715.675537 0.000000 2549.129150 0.000000 0.483746 0.000000 -0.875208 0.643693 0.643693 0.643693
3714.173584 0.000000 2546.398926 0.000000 0.031374 0.000000 -0.999508 0.713299 0.713299 0.713299
3728.672607 0.000000 2557.959229 0.000000 0.701578 0.000000 -0.712593 0.606536 0.606536 0.606536
3488.325439 0.000000 2791.248535 0.000000 0.237385 0.000000 -0.971416 0.672142 0.672142 0.672142
3504.468994 0.000000 2793.776367 0.000000 0.120662 0.000000 -0.992694 0.696544 0.696544 0.696544
3487.760742 0.000000 2784.966797 0.000000 0.970539 0.000000 0.240945 0.468106 0.468106 0.468106
3576.446045 0.000000 2886.037842 0.000000 0.999666 0.000000 0.025827 0.496531 0.496531 0.496531
3579.093262 0.000000 2911.665283 0.000000 0.389103 0.000000 0.921194 0.340653 0.340653 0.340653
3580.771973 0.000000 2918.051758 0.000000 0.980618 0.000000 -0.195931 0.525848 0.525848 0.525848
3572.284180 0.000000 2912.324707 0.000000 0.353206 0.000000 0.935546 0.339621 0.339621 0.339621
3611.882812 0.000000 2617.544189 0.000000 0.176738 0.000000 -0.984258 0.681204 0.681204 0.681204
3602.165039 0.000000 2614.325928 0.000000 0.586470 0.000000 -0.809971 0.622328 0.622328 0.622328
3606.384277 0.000000 2617.594727 0.000000 0.915330 0.000000 0.402705 0.444227 0.444227 0.444227
3613.838135 0.000000 2621.727539 0.000000 0.769164 0.000000 -0.639051 0.591904 0.591904 0.591904
3603.038574 0.000000 2617.561523 0.000000 0.571397 0.000000 -0.820674 0.627127 0.627127 0.627127
3609.150635 0.000000 2618.649902 0.000000 0.665885 0.000000 0.746054 0.386681 0.386681 0.386681
3618.339600 0.000000 2620.645264 0.000000 0.143654 0.000000 -0.989628 0.685920 0.685920 0.685920
3664.449463 0.000000 2601.823242 0.000000 0.990368 0.000000 0.138459 0.481135 0.481135 0.481135
3663.021729 0.000000 2605.496826 0.000000 0.409483 0.000000 0.912318 0.349414 0.349414 0.349414
3614.386475 0.000000 2623.762695 0.000000 0.996901 0.000000 0.078662 0.489227 0.489227 0.489227
3621.249512 0.000000 2623.752930 0.000000 0.578698 0.000000 -0.815542 0.623091 0.623091 0.623091
3615.745117 0.000000 2625.005859 0.000000 0.460123 0.000000 0.887855 0.348330 0.348330 0.348330
3616.717529 0.000000 2628.090332 0.000000 0.136152 0.000000 0.990688 0.311660 0.311660 0.311660
3725.730713 0.000000 2563.207275 0.000000 0.971229 0.000000 0.238148 0.469264 0.469264 0.469264
3711.733398 0.000000 2561.021484 0.000000 0.664452 0.000000 -0.747331 0.608730 0.608730 0.608730
3722.298340 0.000000 2860.436768 0.000000 0.983603 0.000000 0.180348 0.475824 0.475824 0.475824
3595.398193 0.000000 2968.489014 0.000000 0.997096 0.000000 -0.076155 0.510048 0.510048 0.510048
3682.339844 0.000000 2975.250000 0.000000 0.973987 0.000000 0.226604 0.469297 0.469297 0.469297
3690.033936 0.000000 3004.796631 0.000000 0.996930 0.000000 0.078294 0.489786 0.489786 0.489786
3698.153320 0.000000 2998.232178 0.000000 0.876786 0.000000 0.480881 0.434123 0.434123 0.434123
3693.035889 0.000000 2996.176270 0.000000 0.971311 0.000000 0.237811 0.468529 0.468529 0.468529
3684.388672 0.000000 2980.396240 0.000000 0.812668 0.000000 -0.582728 0.583244 0.583244 0.583244
3691.386475 0.000000 3000.481201 0.000000 0.128587 0.000000 -0.991698 0.691142 0.691142 0.691142
3699.026855 0.000000 3001.467773 0.000000 0.872656 0.000000 0.488336 0.432494 0.432494 0.432494
3682.945068 0.000000 2977.617188 0.000000 0.953442 0.000000 -0.301576 0.542064 0.542064 0.542064
3692.403320 0.000000 3003.169434 0.000000 0.310241 0.000000 0.950658 0.330135 0.330135 0.330135
3696.767578 0.000000 3001.270752 0.000000 0.820844 0.000000 0.571153 0.417438 0.417438 0.417438
3730.149414 0.000000 2998.232178 0.000000 0.783678 0.000000 -0.621167 0.586675 0.586675 0.586675
"}
object={
	name="rock_red_generator_1_4"
	clamp_to_water_level=no
	render_under_water=no
	generated_content=yes
	layer="rock_layer"
	pdxmesh="rock_M_red_mesh"
	count=97
	transform="120.127335 0.000000 874.760742 0.000000 0.264786 0.000000 0.964307 0.329892 0.329892 0.329892
121.169189 0.000000 893.985291 0.000000 0.887597 0.000000 -0.460620 0.562622 0.562622 0.562622
188.300568 0.000000 857.973938 0.000000 0.198059 0.000000 0.980190 0.323674 0.323674 0.323674
232.505875 0.000000 872.497864 0.000000 0.773818 0.000000 -0.633407 0.590591 0.590591 0.590591
64.980080 0.000000 917.286926 0.000000 0.350915 0.000000 0.936407 0.343231 0.343231 0.343231
93.197540 0.000000 934.536194 0.000000 0.388441 0.000000 -0.921474 0.650961 0.650961 0.650961
128.234818 0.000000 921.339539 0.000000 0.965622 0.000000 -0.259948 0.534467 0.534467 0.534467
154.426453 0.000000 899.432861 0.000000 0.998795 0.000000 -0.049069 0.506581 0.506581 0.506581
187.507050 0.000000 896.157349 0.000000 0.980380 0.000000 -0.197119 0.525511 0.525511 0.525511
157.189728 0.000000 934.536194 0.000000 0.354734 0.000000 0.934967 0.344060 0.344060 0.344060
171.467209 0.000000 943.489380 0.000000 0.060192 0.000000 -0.998187 0.704022 0.704022 0.704022
574.209167 0.000000 1022.118164 0.000000 0.916039 0.000000 -0.401089 0.554093 0.554093 0.554093
2016.741943 0.000000 373.419739 0.000000 0.993405 0.000000 0.114659 0.485312 0.485312 0.485312
1959.982300 0.000000 502.561859 0.000000 0.859753 0.000000 -0.510711 0.569318 0.569318 0.569318
2044.074097 0.000000 634.028625 0.000000 0.847762 0.000000 0.530377 0.428681 0.428681 0.428681
1951.445068 0.000000 667.878662 0.000000 0.893682 0.000000 -0.448700 0.562614 0.562614 0.562614
1955.845337 0.000000 654.505981 0.000000 0.998152 0.000000 0.060773 0.492166 0.492166 0.492166
1965.246582 0.000000 660.746521 0.000000 0.692985 0.000000 -0.720952 0.604327 0.604327 0.604327
1965.945312 0.000000 675.668274 0.000000 0.852077 0.000000 0.523416 0.427525 0.427525 0.427525
1968.656372 0.000000 682.291931 0.000000 0.934843 0.000000 -0.355060 0.546850 0.546850 0.546850
2027.240723 0.000000 655.559692 0.000000 0.212642 0.000000 0.977130 0.323896 0.323896 0.323896
1746.463135 0.000000 784.377686 0.000000 0.905104 0.000000 0.425191 0.442877 0.442877 0.442877
1810.383789 0.000000 790.771301 0.000000 0.566939 0.000000 -0.823759 0.625184 0.625184 0.625184
1808.675903 0.000000 810.260681 0.000000 0.252673 0.000000 0.967552 0.329568 0.329568 0.329568
477.150696 0.000000 1030.512695 0.000000 0.911286 0.000000 -0.411774 0.554884 0.554884 0.554884
290.745636 0.000000 1212.988892 0.000000 0.251357 0.000000 0.967895 0.329063 0.329063 0.329063
375.025879 0.000000 1198.854126 0.000000 0.965502 0.000000 -0.260397 0.535054 0.535054 0.535054
366.140533 0.000000 1219.535522 0.000000 0.728765 0.000000 -0.684764 0.596414 0.596414 0.596414
288.321777 0.000000 1328.762573 0.000000 0.880903 0.000000 0.473297 0.435748 0.435748 0.435748
587.416443 0.000000 1039.465942 0.000000 0.520041 0.000000 -0.854142 0.632667 0.632667 0.632667
586.716919 0.000000 1023.927002 0.000000 0.738964 0.000000 -0.673745 0.595418 0.595418 0.595418
2119.962891 0.000000 214.632156 0.000000 0.643020 0.000000 0.765849 0.387839 0.387839 0.387839
2202.071289 0.000000 215.112778 0.000000 0.882399 0.000000 0.470502 0.435306 0.435306 0.435306
2370.491943 0.000000 157.246765 0.000000 0.593094 0.000000 0.805134 0.380136 0.380136 0.380136
2108.066406 0.000000 314.106750 0.000000 0.920994 0.000000 0.389576 0.447950 0.447950 0.447950
2370.491943 0.000000 317.207703 0.000000 0.972308 0.000000 0.233703 0.469554 0.469554 0.469554
2592.671631 0.000000 373.419739 0.000000 0.998840 0.000000 -0.048149 0.506217 0.506217 0.506217
2083.829834 0.000000 558.529419 0.000000 0.635359 0.000000 0.772217 0.386558 0.386558 0.386558
2344.248291 0.000000 648.552551 0.000000 0.823714 0.000000 0.567005 0.421886 0.421886 0.421886
2303.905273 0.000000 737.466858 0.000000 0.654724 0.000000 -0.755868 0.610612 0.610612 0.610612
2768.558838 0.000000 906.237244 0.000000 0.354825 0.000000 0.934933 0.343168 0.343168 0.343168
3823.002197 0.000000 877.918762 0.000000 0.823177 0.000000 0.567785 0.421010 0.421010 0.421010
3814.249268 0.000000 955.997437 0.000000 0.630141 0.000000 0.776481 0.383472 0.383472 0.383472
3863.670654 0.000000 874.760742 0.000000 0.424752 0.000000 -0.905310 0.645558 0.645558 0.645558
3844.369141 0.000000 868.911804 0.000000 0.931167 0.000000 -0.364593 0.548728 0.548728 0.548728
3843.812012 0.000000 984.699707 0.000000 0.425967 0.000000 -0.904738 0.647079 0.647079 0.647079
2168.617920 0.000000 1222.443970 0.000000 0.998916 0.000000 -0.046548 0.506068 0.506068 0.506068
2173.570801 0.000000 1218.891846 0.000000 0.909746 0.000000 -0.415164 0.556862 0.556862 0.556862
2175.920898 0.000000 1185.357544 0.000000 0.674975 0.000000 0.737840 0.391231 0.391231 0.391231
2184.031006 0.000000 1185.588257 0.000000 0.222405 0.000000 -0.974954 0.679175 0.679175 0.679175
2194.448242 0.000000 1218.575195 0.000000 0.143073 0.000000 0.989712 0.309728 0.309728 0.309728
2425.555664 0.000000 1138.143799 0.000000 0.824560 0.000000 0.565774 0.422230 0.422230 0.422230
2456.884277 0.000000 1117.930664 0.000000 0.264726 0.000000 0.964324 0.330209 0.330209 0.330209
2365.349854 0.000000 1324.976196 0.000000 0.971526 0.000000 0.236934 0.468349 0.468349 0.468349
2386.313477 0.000000 1334.638550 0.000000 0.672189 0.000000 0.740380 0.391361 0.391361 0.391361
2381.196045 0.000000 1332.582397 0.000000 0.451608 0.000000 0.892217 0.357458 0.357458 0.357458
2400.458252 0.000000 1351.600098 0.000000 0.944679 0.000000 0.327997 0.456783 0.456783 0.456783
2400.695068 0.000000 1365.177612 0.000000 0.185130 0.000000 -0.982714 0.677674 0.677674 0.677674
2429.936035 0.000000 1429.561035 0.000000 0.945353 0.000000 0.326049 0.456635 0.456635 0.456635
2478.085693 0.000000 1479.296021 0.000000 0.199143 0.000000 0.979970 0.321079 0.321079 0.321079
2750.558838 0.000000 1511.865845 0.000000 0.997147 0.000000 0.075481 0.489664 0.489664 0.489664
2991.103760 0.000000 1293.817139 0.000000 0.713274 0.000000 0.700886 0.398401 0.398401 0.398401
2760.197510 0.000000 1544.333740 0.000000 0.674950 0.000000 0.737863 0.389569 0.389569 0.389569
3515.260254 0.000000 1034.013184 0.000000 0.998016 0.000000 0.062958 0.491711 0.491711 0.491711
3562.049561 0.000000 1405.187256 0.000000 0.881491 0.000000 0.472201 0.437138 0.437138 0.437138
3582.201660 0.000000 1393.739990 0.000000 0.619415 0.000000 -0.785064 0.617878 0.617878 0.617878
3817.347900 0.000000 1074.851807 0.000000 0.925481 0.000000 0.378793 0.448790 0.448790 0.448790
3731.022949 0.000000 1145.920776 0.000000 0.569912 0.000000 -0.821705 0.626643 0.626643 0.626643
3816.068604 0.000000 1128.435303 0.000000 0.232153 0.000000 -0.972679 0.674840 0.674840 0.674840
3695.208252 0.000000 1179.685669 0.000000 0.303110 0.000000 0.952956 0.336372 0.336372 0.336372
3752.076416 0.000000 1160.427490 0.000000 0.223432 0.000000 -0.974719 0.676012 0.676012 0.676012
3741.775879 0.000000 1205.615723 0.000000 0.930434 0.000000 -0.366460 0.549364 0.549364 0.549364
3747.626709 0.000000 1230.365356 0.000000 0.953702 0.000000 -0.300752 0.539963 0.539963 0.539963
3893.020264 0.000000 1027.723267 0.000000 0.284067 0.000000 -0.958804 0.666849 0.666849 0.666849
3853.715088 0.000000 1091.566772 0.000000 0.971761 0.000000 0.235968 0.468896 0.468896 0.468896
3664.449463 0.000000 1290.143433 0.000000 0.995029 0.000000 -0.099584 0.512900 0.512900 0.512900
3687.771484 0.000000 2518.069580 0.000000 0.125296 0.000000 -0.992119 0.689056 0.689056 0.689056
3712.534912 0.000000 2548.888428 0.000000 0.880657 0.000000 0.473754 0.434818 0.434818 0.434818
3715.630615 0.000000 2542.044922 0.000000 0.765097 0.000000 -0.643915 0.590474 0.590474 0.590474
3725.031982 0.000000 2548.285645 0.000000 0.832478 0.000000 -0.554057 0.578140 0.578140 0.578140
3717.233398 0.000000 2546.286865 0.000000 0.252754 0.000000 0.967530 0.321370 0.321370 0.321370
3714.335938 0.000000 2559.351562 0.000000 0.962019 0.000000 0.272983 0.463070 0.463070 0.463070
3579.886719 0.000000 2905.473877 0.000000 0.566334 0.000000 -0.824176 0.624312 0.624312 0.624312
3576.747559 0.000000 2909.493164 0.000000 0.974975 0.000000 0.222314 0.470112 0.470112 0.470112
3579.393799 0.000000 2908.172119 0.000000 0.535501 0.000000 -0.844535 0.634326 0.634326 0.634326
3666.229004 0.000000 2607.932373 0.000000 0.832459 0.000000 -0.554086 0.576825 0.576825 0.576825
3668.325684 0.000000 2599.573242 0.000000 0.994682 0.000000 -0.102991 0.513729 0.513729 0.513729
3666.798096 0.000000 2601.703857 0.000000 0.980268 0.000000 -0.197675 0.527422 0.527422 0.527422
3613.395020 0.000000 2626.548096 0.000000 0.750445 0.000000 0.660932 0.403377 0.403377 0.403377
3610.004883 0.000000 2627.010986 0.000000 0.998010 0.000000 0.063062 0.491729 0.491729 0.491729
3717.237793 0.000000 2559.768555 0.000000 0.847944 0.000000 0.530086 0.427608 0.427608 0.427608
3726.299316 0.000000 2560.236816 0.000000 0.730685 0.000000 -0.682715 0.599245 0.599245 0.599245
3583.749023 0.000000 2912.935547 0.000000 0.993116 0.000000 0.117132 0.484378 0.484378 0.484378
3591.749023 0.000000 2942.359863 0.000000 0.548377 0.000000 0.836231 0.367968 0.367968 0.367968
3724.250732 0.000000 2865.669922 0.000000 0.978167 0.000000 -0.207822 0.528223 0.528223 0.528223
3679.737305 0.000000 2976.919922 0.000000 0.832279 0.000000 -0.554356 0.576868 0.576868 0.576868
3685.602539 0.000000 2978.076660 0.000000 0.213037 0.000000 0.977044 0.314469 0.314469 0.314469
"}
object={
	name="rock_red_generator_1_5"
	clamp_to_water_level=no
	render_under_water=no
	generated_content=yes
	layer="rock_layer"
	pdxmesh="rock_L_red_mesh"
	count=217
	transform="96.345200 0.000000 816.887512 0.000000 0.998915 0.000000 0.046576 0.493893 0.493893 0.493893
72.525391 0.000000 840.505676 0.000000 0.167372 0.000000 0.985894 0.317910 0.317910 0.317910
78.378426 0.000000 839.452271 0.000000 0.931228 0.000000 -0.364437 0.548799 0.548799 0.548799
117.480858 0.000000 835.770203 0.000000 0.729611 0.000000 0.683862 0.401488 0.401488 0.401488
78.175674 0.000000 867.621399 0.000000 0.860935 0.000000 0.508715 0.431249 0.431249 0.431249
91.518761 0.000000 864.165161 0.000000 0.165428 0.000000 0.986222 0.318706 0.318706 0.318706
96.739334 0.000000 871.717285 0.000000 0.998531 0.000000 -0.054190 0.506971 0.506971 0.506971
158.213150 0.000000 853.701599 0.000000 0.473993 0.000000 -0.880529 0.641965 0.641965 0.641965
152.863739 0.000000 838.537720 0.000000 0.887604 0.000000 0.460608 0.437738 0.437738 0.437738
143.451233 0.000000 845.926575 0.000000 0.597525 0.000000 -0.801850 0.621248 0.621248 0.621248
160.968369 0.000000 853.302551 0.000000 0.835163 0.000000 -0.550003 0.575312 0.575312 0.575312
136.204803 0.000000 886.468079 0.000000 0.960971 0.000000 0.276651 0.463960 0.463960 0.463960
194.757339 0.000000 861.074890 0.000000 0.055713 0.000000 0.998447 0.301424 0.301424 0.301424
202.763763 0.000000 863.966064 0.000000 0.999987 0.000000 -0.005067 0.500654 0.500654 0.500654
215.751556 0.000000 864.503113 0.000000 0.270761 0.000000 -0.962646 0.669945 0.669945 0.669945
248.111710 0.000000 874.760742 0.000000 0.943951 0.000000 -0.330085 0.544763 0.544763 0.544763
79.459038 0.000000 909.910950 0.000000 0.256211 0.000000 0.966621 0.327750 0.327750 0.327750
126.217056 0.000000 949.678162 0.000000 0.514654 0.000000 -0.857398 0.633740 0.633740 0.633740
130.765137 0.000000 925.059265 0.000000 0.176834 0.000000 -0.984241 0.678757 0.678757 0.678757
186.422546 0.000000 899.432861 0.000000 0.332967 0.000000 -0.942939 0.666002 0.666002 0.666002
128.972275 0.000000 949.279114 0.000000 0.228760 0.000000 -0.973483 0.672286 0.672286 0.672286
136.204803 0.000000 950.452454 0.000000 0.051775 0.000000 -0.998659 0.696059 0.696059 0.696059
144.878967 0.000000 938.229431 0.000000 0.945945 0.000000 0.324327 0.456955 0.456955 0.456955
177.741791 0.000000 933.345886 0.000000 0.929889 0.000000 -0.367840 0.549842 0.549842 0.549842
192.727631 0.000000 903.709473 0.000000 0.612065 0.000000 0.790808 0.381815 0.381815 0.381815
232.505875 0.000000 904.490051 0.000000 0.060291 0.000000 -0.998181 0.694204 0.694204 0.694204
145.745697 0.000000 965.338074 0.000000 0.058920 0.000000 -0.998263 0.698910 0.698910 0.698910
220.296661 0.000000 1017.934875 0.000000 0.310212 0.000000 -0.950668 0.662661 0.662661 0.662661
292.048340 0.000000 878.451294 0.000000 0.799131 0.000000 0.601157 0.415951 0.415951 0.415951
306.567230 0.000000 950.732239 0.000000 0.002540 0.000000 0.999997 0.298757 0.298757 0.298757
280.107819 0.000000 970.737305 0.000000 0.557687 0.000000 0.830051 0.374347 0.374347 0.374347
424.169678 0.000000 1014.436829 0.000000 0.515755 0.000000 -0.856736 0.634344 0.634344 0.634344
766.138977 0.000000 949.678162 0.000000 0.604464 0.000000 0.796633 0.379654 0.379654 0.379654
768.894226 0.000000 949.279114 0.000000 0.985742 0.000000 -0.168265 0.521991 0.521991 0.521991
793.754700 0.000000 946.190613 0.000000 0.769979 0.000000 0.638069 0.410338 0.410338 0.410338
788.067078 0.000000 958.743774 0.000000 0.756121 0.000000 0.654432 0.408451 0.408451 0.408451
793.087219 0.000000 957.969666 0.000000 0.157384 0.000000 -0.987538 0.685168 0.685168 0.685168
800.088623 0.000000 993.404358 0.000000 0.173791 0.000000 -0.984783 0.681593 0.681593 0.681593
2026.237061 0.000000 349.445007 0.000000 0.717759 0.000000 0.696291 0.401356 0.401356 0.401356
2016.004517 0.000000 377.472351 0.000000 0.999976 0.000000 -0.006953 0.500906 0.500906 0.500906
1995.244629 0.000000 399.622192 0.000000 0.952095 0.000000 -0.305803 0.540346 0.540346 0.540346
1951.877075 0.000000 460.329895 0.000000 0.765841 0.000000 0.643031 0.409327 0.409327 0.409327
1965.945312 0.000000 483.715179 0.000000 0.854003 0.000000 -0.520268 0.570623 0.570623 0.570623
2045.388794 0.000000 621.148071 0.000000 0.310566 0.000000 0.950552 0.338328 0.338328 0.338328
2036.524780 0.000000 616.057617 0.000000 0.976487 0.000000 -0.215577 0.528316 0.528316 0.528316
1950.849365 0.000000 665.386841 0.000000 0.161678 0.000000 -0.986844 0.704640 0.704640 0.704640
1977.610229 0.000000 658.260925 0.000000 0.857605 0.000000 -0.514308 0.572826 0.572826 0.572826
1968.656372 0.000000 650.299744 0.000000 0.727660 0.000000 -0.685938 0.598130 0.598130 0.598130
1955.845093 0.000000 656.935425 0.000000 0.951125 0.000000 0.308805 0.456893 0.456893 0.456893
1956.599487 0.000000 676.958679 0.000000 0.255934 0.000000 0.966694 0.322799 0.322799 0.322799
1984.509033 0.000000 647.771973 0.000000 0.692731 0.000000 0.721196 0.395426 0.395426 0.395426
2001.505859 0.000000 640.125000 0.000000 0.726235 0.000000 -0.687447 0.598210 0.598210 0.598210
1988.595581 0.000000 644.966492 0.000000 0.994953 0.000000 -0.100344 0.513049 0.513049 0.513049
2039.893066 0.000000 650.815430 0.000000 0.468379 0.000000 0.883528 0.361794 0.361794 0.361794
1756.109253 0.000000 793.989563 0.000000 0.648461 0.000000 0.761248 0.389619 0.389619 0.389619
1760.536377 0.000000 775.740723 0.000000 0.962460 0.000000 0.271424 0.464934 0.464934 0.464934
1783.924316 0.000000 778.784180 0.000000 0.462995 0.000000 0.886361 0.360746 0.360746 0.360746
1832.310669 0.000000 776.521301 0.000000 0.928805 0.000000 -0.370568 0.548809 0.548809 0.548809
1794.562134 0.000000 861.074890 0.000000 0.000604 0.000000 1.000000 0.296941 0.296941 0.296941
452.346039 0.000000 1033.914062 0.000000 0.657547 0.000000 -0.753414 0.611194 0.611194 0.611194
485.627686 0.000000 1042.654053 0.000000 0.381687 0.000000 -0.924292 0.654259 0.654259 0.654259
348.281036 0.000000 1209.888062 0.000000 0.215081 0.000000 -0.976596 0.672737 0.672737 0.672737
379.483643 0.000000 1184.087036 0.000000 0.964669 0.000000 -0.263465 0.534146 0.534146 0.534146
372.536377 0.000000 1198.788330 0.000000 0.321620 0.000000 0.946869 0.331137 0.331137 0.331137
370.559418 0.000000 1238.661987 0.000000 0.370644 0.000000 0.928775 0.346264 0.346264 0.346264
368.790741 0.000000 1236.137451 0.000000 0.930589 0.000000 -0.366067 0.550525 0.550525 0.550525
384.068420 0.000000 1196.150269 0.000000 0.212709 0.000000 -0.977116 0.676434 0.676434 0.676434
284.288849 0.000000 1337.856812 0.000000 0.884762 0.000000 -0.466043 0.563665 0.563665 0.563665
306.567230 0.000000 1334.638550 0.000000 0.011633 0.000000 0.999932 0.298756 0.298756 0.298756
299.800293 0.000000 1336.887451 0.000000 0.984852 0.000000 -0.173394 0.522842 0.522842 0.522842
533.430115 0.000000 1027.723267 0.000000 0.882702 0.000000 0.469933 0.436246 0.436246 0.436246
542.213013 0.000000 1054.110352 0.000000 0.172548 0.000000 0.985001 0.317545 0.317545 0.317545
544.684692 0.000000 1031.678223 0.000000 0.998008 0.000000 -0.063095 0.508165 0.508165 0.508165
626.599792 0.000000 1040.315186 0.000000 0.788418 0.000000 0.615139 0.414482 0.414482 0.414482
658.595886 0.000000 1040.315186 0.000000 0.525579 0.000000 0.850745 0.366905 0.366905 0.366905
680.020935 0.000000 1037.043823 0.000000 0.722104 0.000000 0.691784 0.400251 0.400251 0.400251
755.874084 0.000000 1036.541870 0.000000 0.049512 0.000000 -0.998774 0.698631 0.698631 0.698631
803.985840 0.000000 1038.412231 0.000000 0.998737 0.000000 0.050246 0.493537 0.493537 0.493537
2204.054688 0.000000 122.153633 0.000000 0.275896 0.000000 -0.961188 0.666667 0.666667 0.666667
2128.636963 0.000000 234.401291 0.000000 0.506014 0.000000 -0.862525 0.635823 0.635823 0.635823
2219.217529 0.000000 175.676865 0.000000 0.551460 0.000000 0.834201 0.372155 0.372155 0.372155
2291.883545 0.000000 190.931259 0.000000 0.571509 0.000000 0.820596 0.375534 0.375534 0.375534
2275.806396 0.000000 174.623138 0.000000 0.331756 0.000000 -0.943365 0.658790 0.658790 0.658790
2327.858154 0.000000 170.932602 0.000000 0.829713 0.000000 -0.558190 0.577176 0.577176 0.577176
2306.499756 0.000000 189.238953 0.000000 0.998176 0.000000 0.060367 0.492143 0.492143 0.492143
2373.401855 0.000000 160.354370 0.000000 0.994460 0.000000 0.105115 0.486408 0.486408 0.486408
2386.385254 0.000000 208.518341 0.000000 0.000750 0.000000 1.000000 0.296568 0.296568 0.296568
2399.822510 0.000000 236.384598 0.000000 0.910781 0.000000 -0.412890 0.555255 0.555255 0.555255
2456.884277 0.000000 254.141541 0.000000 0.505357 0.000000 0.862910 0.363557 0.363557 0.363557
2059.236816 0.000000 271.653442 0.000000 0.950696 0.000000 -0.310124 0.540857 0.540857 0.540857
2104.927246 0.000000 318.125916 0.000000 0.863100 0.000000 0.505033 0.430345 0.430345 0.430345
2139.269043 0.000000 256.313629 0.000000 0.995663 0.000000 -0.093039 0.511979 0.511979 0.511979
2125.227295 0.000000 276.840240 0.000000 0.517987 0.000000 -0.855389 0.634260 0.634260 0.634260
2148.576172 0.000000 261.060242 0.000000 0.974315 0.000000 -0.225191 0.529317 0.529317 0.529317
2116.580078 0.000000 293.052429 0.000000 0.997939 0.000000 -0.064173 0.508353 0.508353 0.508353
2085.432617 0.000000 338.825897 0.000000 0.725828 0.000000 -0.687876 0.599613 0.599613 0.599613
2130.344727 0.000000 502.841614 0.000000 0.696379 0.000000 0.717674 0.396484 0.396484 0.396484
2123.577881 0.000000 505.090607 0.000000 0.571785 0.000000 -0.820403 0.625383 0.625383 0.625383
2152.271729 0.000000 488.591614 0.000000 0.943976 0.000000 0.330014 0.456591 0.456591 0.456591
2236.050781 0.000000 442.075500 0.000000 0.998515 0.000000 -0.054476 0.506994 0.506994 0.506994
2213.416992 0.000000 434.802460 0.000000 0.902341 0.000000 0.431022 0.442037 0.442037 0.442037
2285.906494 0.000000 387.738617 0.000000 0.607454 0.000000 0.794355 0.380832 0.380832 0.380832
2275.806396 0.000000 430.560638 0.000000 0.428309 0.000000 0.903633 0.354666 0.354666 0.354666
2187.221436 0.000000 463.606567 0.000000 0.925263 0.000000 -0.379326 0.550218 0.550218 0.550218
2191.391846 0.000000 475.857513 0.000000 0.999998 0.000000 -0.001987 0.500256 0.500256 0.500256
2326.787842 0.000000 303.072876 0.000000 0.963456 0.000000 0.267867 0.464660 0.464660 0.464660
2315.205811 0.000000 335.637817 0.000000 0.992920 0.000000 0.118783 0.484751 0.484751 0.484751
2309.409668 0.000000 352.307495 0.000000 0.170950 0.000000 0.985280 0.320127 0.320127 0.320127
2460.023438 0.000000 314.106750 0.000000 0.767137 0.000000 0.641484 0.411154 0.411154 0.411154
2480.593994 0.000000 298.385681 0.000000 0.222341 0.000000 -0.974969 0.674478 0.674478 0.674478
2496.683350 0.000000 309.435364 0.000000 0.270524 0.000000 -0.962713 0.666093 0.666093 0.666093
2512.590088 0.000000 298.385681 0.000000 0.931473 0.000000 -0.363810 0.547875 0.547875 0.547875
2499.976074 0.000000 312.863800 0.000000 0.612439 0.000000 0.790518 0.381876 0.381876 0.381876
2507.531006 0.000000 345.129669 0.000000 0.757433 0.000000 0.652913 0.407465 0.407465 0.407465
2545.439453 0.000000 352.195312 0.000000 0.823371 0.000000 0.567504 0.421506 0.421506 0.421506
2578.290039 0.000000 342.880676 0.000000 0.821223 0.000000 -0.570607 0.579439 0.579439 0.579439
2595.767334 0.000000 398.568451 0.000000 0.911817 0.000000 -0.410597 0.554294 0.554294 0.554294
2599.904297 0.000000 406.585297 0.000000 0.117063 0.000000 0.993125 0.312399 0.312399 0.312399
2624.667725 0.000000 405.411926 0.000000 0.732616 0.000000 -0.680643 0.595694 0.595694 0.595694
2647.819092 0.000000 426.870087 0.000000 0.423788 0.000000 -0.905761 0.646826 0.646826 0.646826
2639.146729 0.000000 430.028137 0.000000 0.999997 0.000000 -0.002470 0.500322 0.500322 0.500322
2675.836670 0.000000 446.868744 0.000000 0.975688 0.000000 0.219163 0.471370 0.471370 0.471370
2655.791260 0.000000 428.337708 0.000000 0.994411 0.000000 -0.105578 0.513705 0.513705 0.513705
2107.272949 0.000000 512.251099 0.000000 0.757063 0.000000 -0.653342 0.593142 0.593142 0.593142
2098.420410 0.000000 528.440186 0.000000 0.985825 0.000000 0.167778 0.478073 0.478073 0.478073
2063.407471 0.000000 571.834106 0.000000 0.999004 0.000000 -0.044619 0.505805 0.505805 0.505805
2097.494141 0.000000 544.148438 0.000000 0.318008 0.000000 0.948088 0.338715 0.338715 0.338715
2053.440918 0.000000 640.237183 0.000000 0.408719 0.000000 0.912660 0.351313 0.351313 0.351313
2301.998291 0.000000 734.188477 0.000000 0.614672 0.000000 -0.788783 0.618211 0.618211 0.618211
2299.249512 0.000000 736.196411 0.000000 0.908306 0.000000 0.418306 0.444834 0.444834 0.444834
2314.201904 0.000000 701.359070 0.000000 0.975376 0.000000 0.220547 0.471409 0.471409 0.471409
2335.830322 0.000000 716.267395 0.000000 0.999926 0.000000 0.012173 0.498420 0.498420 0.498420
2312.252197 0.000000 744.529114 0.000000 0.223882 0.000000 0.974616 0.327070 0.327070 0.327070
2660.076660 0.000000 969.929688 0.000000 0.262571 0.000000 0.964913 0.330244 0.330244 0.330244
2787.743896 0.000000 910.443481 0.000000 0.504036 0.000000 0.863683 0.366220 0.366220 0.366220
2800.554932 0.000000 906.237244 0.000000 0.986529 0.000000 0.163585 0.478708 0.478708 0.478708
2799.317627 0.000000 923.748169 0.000000 0.800931 0.000000 -0.598757 0.582697 0.582697 0.582697
2835.817139 0.000000 894.759399 0.000000 0.551917 0.000000 0.833899 0.373210 0.373210 0.373210
3813.221680 0.000000 850.700928 0.000000 0.100378 0.000000 0.994949 0.308764 0.308764 0.308764
3831.310303 0.000000 960.479675 0.000000 0.124391 0.000000 -0.992233 0.690258 0.690258 0.690258
3875.611084 0.000000 846.459106 0.000000 0.979627 0.000000 -0.200825 0.525997 0.525997 0.525997
3885.711182 0.000000 867.621399 0.000000 0.612331 0.000000 -0.790602 0.617003 0.617003 0.617003
3874.308350 0.000000 957.051453 0.000000 0.984933 0.000000 -0.172936 0.522521 0.522521 0.522521
3845.222168 0.000000 960.159058 0.000000 0.947290 0.000000 -0.320376 0.543071 0.543071 0.543071
2148.019043 0.000000 1176.652832 0.000000 0.828622 0.000000 0.559809 0.422273 0.422273 0.422273
2100.517090 0.000000 1223.909180 0.000000 0.460238 0.000000 0.887796 0.357621 0.357621 0.357621
2112.493408 0.000000 1223.631348 0.000000 0.908553 0.000000 0.417770 0.445017 0.445017 0.445017
2227.891357 0.000000 1182.689087 0.000000 0.795377 0.000000 -0.606115 0.583722 0.583722 0.583722
2181.425293 0.000000 1184.104370 0.000000 0.987044 0.000000 -0.160452 0.521041 0.521041 0.521041
2184.267822 0.000000 1224.411865 0.000000 0.222062 0.000000 0.975033 0.325821 0.325821 0.325821
2226.404785 0.000000 1232.268311 0.000000 0.859355 0.000000 0.511380 0.429912 0.429912 0.429912
2213.416992 0.000000 1234.607178 0.000000 0.821894 0.000000 0.569640 0.420715 0.420715 0.420715
2211.859131 0.000000 1237.449341 0.000000 0.911229 0.000000 -0.411900 0.556174 0.556174 0.556174
2173.373291 0.000000 1324.976196 0.000000 0.998672 0.000000 0.051512 0.493361 0.493361 0.493361
2220.238281 0.000000 1290.853638 0.000000 0.993998 0.000000 0.109401 0.485742 0.485742 0.485742
2236.936035 0.000000 1318.442383 0.000000 0.987598 0.000000 -0.157004 0.520388 0.520388 0.520388
2355.875732 0.000000 1310.657837 0.000000 0.159783 0.000000 0.987152 0.317967 0.317967 0.317967
2361.563477 0.000000 1330.096924 0.000000 0.985988 0.000000 -0.166818 0.521758 0.521758 0.521758
2376.244385 0.000000 1352.380615 0.000000 0.762292 0.000000 0.647233 0.409316 0.409316 0.409316
2496.052490 0.000000 1488.723511 0.000000 0.878412 0.000000 0.477904 0.434693 0.434693 0.434693
2729.554932 0.000000 1527.801758 0.000000 0.429431 0.000000 -0.903100 0.654177 0.654177 0.654177
2986.119873 0.000000 1309.210693 0.000000 0.154319 0.000000 -0.988021 0.680626 0.680626 0.680626
2990.389160 0.000000 1280.549316 0.000000 0.993540 0.000000 0.113486 0.484980 0.484980 0.484980
2835.817139 0.000000 1534.603149 0.000000 0.475511 0.000000 -0.879710 0.639590 0.639590 0.639590
2767.022217 0.000000 1553.529419 0.000000 0.985640 0.000000 -0.168862 0.523213 0.523213 0.523213
2763.028076 0.000000 1542.784912 0.000000 0.962012 0.000000 -0.273009 0.536933 0.536933 0.536933
2789.346680 0.000000 1554.529053 0.000000 0.171296 0.000000 0.985220 0.317030 0.317030 0.317030
2789.711914 0.000000 1570.420288 0.000000 0.115923 0.000000 -0.993258 0.699370 0.699370 0.699370
2833.404297 0.000000 1535.906250 0.000000 0.062172 0.000000 0.998065 0.301518 0.301518 0.301518
3506.248535 0.000000 1040.315186 0.000000 0.266917 0.000000 -0.963720 0.669495 0.669495 0.669495
3522.250977 0.000000 1035.913208 0.000000 0.363226 0.000000 -0.931701 0.660154 0.660154 0.660154
3573.059326 0.000000 1411.629517 0.000000 0.821824 0.000000 0.569742 0.421607 0.421607 0.421607
3781.225586 0.000000 1042.654053 0.000000 0.422014 0.000000 0.906590 0.352070 0.352070 0.352070
3779.819824 0.000000 1048.684082 0.000000 0.988620 0.000000 0.150433 0.480170 0.480170 0.480170
3807.721680 0.000000 1025.396606 0.000000 0.550220 0.000000 0.835020 0.370482 0.370482 0.370482
3771.863281 0.000000 1113.911499 0.000000 0.368484 0.000000 0.929634 0.347751 0.347751 0.347751
3817.354736 0.000000 1092.246216 0.000000 0.603204 0.000000 0.797587 0.379908 0.379908 0.379908
3744.531006 0.000000 1237.208862 0.000000 0.926301 0.000000 0.376785 0.450040 0.450040 0.450040
3857.279297 0.000000 1024.031250 0.000000 0.691089 0.000000 0.722769 0.394929 0.394929 0.394929
3901.162354 0.000000 1037.046509 0.000000 0.372369 0.000000 -0.928085 0.654684 0.654684 0.654684
3872.278564 0.000000 1063.670410 0.000000 0.257769 0.000000 0.966207 0.332868 0.332868 0.332868
3879.630371 0.000000 1069.036011 0.000000 0.794380 0.000000 -0.607421 0.585889 0.585889 0.585889
3843.614990 0.000000 1102.396606 0.000000 0.998022 0.000000 0.062868 0.491896 0.491896 0.491896
3627.045654 0.000000 1359.387817 0.000000 0.691005 0.000000 0.722850 0.396326 0.396326 0.396326
3584.550537 0.000000 1397.169800 0.000000 0.379460 0.000000 -0.925208 0.652214 0.652214 0.652214
3611.089355 0.000000 1376.040161 0.000000 0.613247 0.000000 0.789891 0.380417 0.380417 0.380417
3405.071045 0.000000 1716.488647 0.000000 0.725537 0.000000 0.688183 0.400711 0.400711 0.400711
3719.767578 0.000000 2518.069580 0.000000 0.829011 0.000000 0.559232 0.418364 0.418364 0.418364
3731.707764 0.000000 2558.353027 0.000000 0.273985 0.000000 0.961734 0.332108 0.332108 0.332108
3565.051514 0.000000 2740.238770 0.000000 0.570458 0.000000 -0.821327 0.624391 0.624391 0.624391
3566.924561 0.000000 2737.240234 0.000000 0.264352 0.000000 0.964426 0.327556 0.327556 0.327556
3492.412109 0.000000 2788.443115 0.000000 0.925585 0.000000 -0.378541 0.550496 0.550496 0.550496
3488.733154 0.000000 2788.051270 0.000000 0.910931 0.000000 0.412560 0.443094 0.443094 0.443094
3490.968506 0.000000 2785.664062 0.000000 0.162773 0.000000 0.986663 0.311683 0.311683 0.311683
3575.705811 0.000000 2890.268555 0.000000 0.115826 0.000000 -0.993270 0.692120 0.692120 0.692120
3571.727295 0.000000 2910.267090 0.000000 0.728562 0.000000 -0.684980 0.597394 0.597394 0.597394
3572.337402 0.000000 2887.502930 0.000000 0.926126 0.000000 -0.377215 0.551565 0.551565 0.551565
3671.694092 0.000000 2602.338867 0.000000 0.522901 0.000000 0.852393 0.365474 0.365474 0.365474
3669.158691 0.000000 2602.257080 0.000000 0.945241 0.000000 0.326373 0.455013 0.455013 0.455013
3611.089355 0.000000 2623.735596 0.000000 0.912828 0.000000 -0.408344 0.555868 0.555868 0.555868
3616.309814 0.000000 2631.287598 0.000000 0.277911 0.000000 0.960607 0.334569 0.334569 0.334569
3719.767578 0.000000 2869.983643 0.000000 0.608631 0.000000 0.793453 0.381253 0.381253 0.381253
3719.649902 0.000000 2860.598389 0.000000 0.998944 0.000000 -0.045954 0.506025 0.506025 0.506025
3721.359619 0.000000 2866.414307 0.000000 0.993716 0.000000 -0.111930 0.515093 0.515093 0.515093
3719.338623 0.000000 2863.779053 0.000000 0.927722 0.000000 0.373271 0.449098 0.449098 0.449098
3589.253418 0.000000 2943.674805 0.000000 0.360287 0.000000 -0.932842 0.655173 0.655173 0.655173
3682.331787 0.000000 2972.559326 0.000000 0.975872 0.000000 -0.218345 0.528796 0.528796 0.528796
3687.771484 0.000000 2965.960205 0.000000 0.606751 0.000000 -0.794892 0.623871 0.623871 0.623871
3684.731934 0.000000 2974.130127 0.000000 0.373977 0.000000 -0.927438 0.659202 0.659202 0.659202
3695.208252 0.000000 3003.240234 0.000000 0.472907 0.000000 -0.881112 0.647780 0.647780 0.647780
3694.900391 0.000000 2999.606934 0.000000 0.999056 0.000000 0.043442 0.494109 0.494109 0.494109
3680.709717 0.000000 2980.004395 0.000000 0.797891 0.000000 -0.602802 0.585449 0.585449 0.585449
3687.847412 0.000000 2977.150879 0.000000 0.728102 0.000000 -0.685469 0.601063 0.601063 0.601063
3697.298828 0.000000 3007.546875 0.000000 0.696664 0.000000 -0.717397 0.603265 0.603265 0.603265
3739.867188 0.000000 3001.450439 0.000000 0.165068 0.000000 -0.986282 0.679939 0.679939 0.679939
3736.728027 0.000000 3005.469727 0.000000 0.649269 0.000000 -0.760559 0.611756 0.611756 0.611756
3731.022949 0.000000 3001.467773 0.000000 0.797180 0.000000 0.603742 0.414557 0.414557 0.414557
"}
