object={
	name="tree_olive_generator_1_0"
	clamp_to_water_level=no
	render_under_water=no
	generated_content=yes
	layer="tree_layer"
	pdxmesh="tree_olive_01_mesh"
	count=461
	transform="1770.268311 0.000000 925.304382 0.000000 0.769717 0.000000 -0.638386 0.915298 0.915298 0.915298
1783.924316 0.000000 906.752930 0.000000 0.204893 0.000000 -0.978784 1.075736 1.075736 1.075736
1771.271973 0.000000 911.497192 0.000000 0.999779 0.000000 0.021032 0.744979 0.744979 0.744979
1770.268311 0.000000 957.296570 0.000000 0.151630 0.000000 -0.988437 1.088661 1.088661 1.088661
1760.536377 0.000000 935.701660 0.000000 0.647520 0.000000 -0.762048 0.956855 0.956855 0.956855
1771.271973 0.000000 943.489380 0.000000 0.852508 0.000000 -0.522715 0.881311 0.881311 0.881311
1773.968750 0.000000 931.605774 0.000000 0.741951 0.000000 0.670454 0.574574 0.574574 0.574574
1770.268311 0.000000 989.288757 0.000000 0.999481 0.000000 0.032223 0.742306 0.742306 0.742306
1760.536377 0.000000 967.693848 0.000000 0.725907 0.000000 0.687793 0.568935 0.568935 0.568935
1788.105347 0.000000 985.942688 0.000000 0.272508 0.000000 -0.962153 1.059110 1.059110 1.059110
1771.271973 0.000000 975.481567 0.000000 0.223207 0.000000 -0.974771 1.071260 1.071260 1.071260
1773.968750 0.000000 963.597961 0.000000 0.650030 0.000000 -0.759908 0.956067 0.956067 0.956067
1778.387695 0.000000 982.724426 0.000000 0.728625 0.000000 0.684913 0.569880 0.569880 0.569880
1785.633667 0.000000 978.182800 0.000000 0.365831 0.000000 0.930681 0.464411 0.464411 0.464411
1788.105347 0.000000 1017.934875 0.000000 0.350546 0.000000 0.936546 0.460503 0.460503 0.460503
1773.968750 0.000000 995.590149 0.000000 0.572948 0.000000 0.819592 0.520650 0.520650 0.520650
1765.476074 0.000000 992.151245 0.000000 0.513247 0.000000 -0.858241 0.996332 0.996332 0.996332
1768.318481 0.000000 1000.466614 0.000000 0.999993 0.000000 -0.003790 0.750905 0.750905 0.750905
1768.005737 0.000000 1014.436829 0.000000 0.810667 0.000000 0.585508 0.600671 0.600671 0.600671
1772.292847 0.000000 1002.923889 0.000000 0.983162 0.000000 0.182737 0.706128 0.706128 0.706128
1767.888184 0.000000 1005.051636 0.000000 0.860030 0.000000 0.510244 0.622166 0.622166 0.622166
1779.749146 0.000000 1004.549683 0.000000 0.843843 0.000000 0.536591 0.614784 0.614784 0.614784
1770.536499 0.000000 1004.889893 0.000000 0.433650 0.000000 0.901081 0.482081 0.482081 0.482081
1767.155029 0.000000 997.340332 0.000000 0.090925 0.000000 0.995858 0.396737 0.396737 0.396737
1781.388916 0.000000 1002.647644 0.000000 0.396837 0.000000 -0.917889 1.027581 1.027581 1.027581
1769.723145 0.000000 1002.497253 0.000000 0.973619 0.000000 -0.228180 0.804958 0.804958 0.804958
1766.584351 0.000000 1002.149536 0.000000 0.881057 0.000000 0.473010 0.632376 0.632376 0.632376
1765.836914 0.000000 994.560974 0.000000 0.483870 0.000000 -0.875140 1.004423 1.004423 1.004423
1767.469482 0.000000 1012.087769 0.000000 0.158942 0.000000 0.987288 0.413106 0.413106 0.413106
1774.570190 0.000000 1003.574402 0.000000 0.049389 0.000000 -0.998780 1.113204 1.113204 1.113204
1768.972656 0.000000 998.411865 0.000000 0.998757 0.000000 -0.049838 0.761903 0.761903 0.761903
1765.585449 0.000000 1012.548218 0.000000 0.697521 0.000000 -0.716564 0.940715 0.940715 0.940715
1770.175415 0.000000 1000.679565 0.000000 0.783520 0.000000 -0.621367 0.910067 0.910067 0.910067
1768.089478 0.000000 1003.267883 0.000000 0.521299 0.000000 -0.853374 0.994086 0.994086 0.994086
1767.363159 0.000000 999.072510 0.000000 0.141820 0.000000 0.989892 0.408972 0.408972 0.408972
1766.028198 0.000000 996.191589 0.000000 0.657713 0.000000 -0.753269 0.953643 0.953643 0.953643
1771.279175 0.000000 1001.776611 0.000000 0.817373 0.000000 -0.576109 0.896572 0.896572 0.896572
1766.799072 0.000000 1013.448486 0.000000 0.501381 0.000000 -0.865227 0.999619 0.999619 0.999619
1765.724731 0.000000 997.900085 0.000000 0.931940 0.000000 0.362613 0.661413 0.661413 0.661413
1766.744263 0.000000 1000.550171 0.000000 0.983223 0.000000 0.182408 0.706208 0.706208 0.706208
1778.595459 0.000000 1003.556946 0.000000 0.505857 0.000000 0.862617 0.501618 0.501618 0.501618
1770.907837 0.000000 1003.358704 0.000000 0.624471 0.000000 0.781048 0.536014 0.536014 0.536014
1764.355713 0.000000 998.303772 0.000000 0.098696 0.000000 0.995118 0.398600 0.398600 0.398600
1768.306030 0.000000 1001.876526 0.000000 0.998685 0.000000 -0.051274 0.762246 0.762246 0.762246
1769.384399 0.000000 999.634399 0.000000 0.520175 0.000000 0.854060 0.505600 0.505600 0.505600
1771.346558 0.000000 1000.152161 0.000000 0.052399 0.000000 -0.998626 1.112485 1.112485 1.112485
1769.345093 0.000000 1001.431458 0.000000 0.081021 0.000000 -0.996712 1.105636 1.105636 1.105636
1792.532471 0.000000 903.709473 0.000000 0.409414 0.000000 -0.912349 1.024300 1.024300 1.024300
1802.264404 0.000000 989.288757 0.000000 0.890282 0.000000 0.455409 0.637120 0.637120 0.637120
1792.532471 0.000000 967.693848 0.000000 0.839495 0.000000 -0.543368 0.887138 0.887138 0.887138
1792.769287 0.000000 981.271301 0.000000 0.597922 0.000000 0.801554 0.528005 0.528005 0.528005
1802.264404 0.000000 1021.280945 0.000000 0.582057 0.000000 0.813148 0.523314 0.523314 0.523314
1792.532471 0.000000 999.686035 0.000000 0.912274 0.000000 -0.409581 0.850744 0.850744 0.850744
1803.268066 0.000000 1007.473755 0.000000 0.442083 0.000000 0.896974 0.484320 0.484320 0.484320
832.886414 0.000000 1045.255737 0.000000 0.804971 0.000000 -0.593314 0.901635 0.901635 0.901635
987.409424 0.000000 1056.118286 0.000000 0.031936 0.000000 -0.999490 1.117375 1.117375 1.117375
968.416077 0.000000 1064.450928 0.000000 0.808691 0.000000 0.588234 0.599868 0.599868 0.599868
963.966309 0.000000 1070.404419 0.000000 0.988660 0.000000 0.150174 0.714013 0.714013 0.714013
960.239807 0.000000 1072.825073 0.000000 0.981208 0.000000 -0.192952 0.796355 0.796355 0.796355
896.641724 0.000000 1095.662598 0.000000 0.964450 0.000000 0.264265 0.686153 0.686153 0.686153
904.423889 0.000000 1096.443115 0.000000 0.420688 0.000000 0.907205 0.478658 0.478658 0.478658
900.728271 0.000000 1092.857056 0.000000 0.023888 0.000000 0.999715 0.380703 0.380703 0.380703
901.819580 0.000000 1095.448730 0.000000 0.340731 0.000000 0.940161 0.458006 0.458006 0.458006
899.302917 0.000000 1095.186157 0.000000 0.488552 0.000000 -0.872535 1.003144 1.003144 1.003144
984.762207 0.000000 1094.475220 0.000000 0.661649 0.000000 -0.749813 0.952393 0.952393 0.952393
1024.626099 0.000000 1127.654785 0.000000 0.754601 0.000000 -0.656184 0.920873 0.920873 0.920873
1035.361816 0.000000 1135.442505 0.000000 0.867973 0.000000 0.496612 0.625933 0.625933 0.625933
1258.330811 0.000000 1085.265381 0.000000 0.037214 0.000000 -0.999307 1.116114 1.116114 1.116114
1273.028687 0.000000 1085.938477 0.000000 0.446845 0.000000 0.894611 0.485589 0.485589 0.485589
1244.171753 0.000000 1113.911499 0.000000 0.799255 0.000000 0.600993 0.596079 0.596079 0.596079
1230.035156 0.000000 1091.566772 0.000000 0.978518 0.000000 0.206161 0.700427 0.700427 0.700427
1241.700073 0.000000 1106.151611 0.000000 0.736222 0.000000 0.676740 0.572544 0.572544 0.572544
1233.599609 0.000000 1088.015625 0.000000 0.945687 0.000000 0.325079 0.670957 0.670957 0.670957
1238.796265 0.000000 1109.384644 0.000000 0.346093 0.000000 0.938200 0.459369 0.459369 0.459369
1247.531006 0.000000 1115.769287 0.000000 0.916611 0.000000 -0.399780 0.848185 0.848185 0.848185
1248.098267 0.000000 1113.292725 0.000000 0.110851 0.000000 -0.993837 1.098482 1.098482 1.098482
1230.035156 0.000000 1123.558960 0.000000 0.883390 0.000000 -0.468639 0.866442 0.866442 0.866442
1230.237915 0.000000 1127.381958 0.000000 0.888781 0.000000 -0.458331 0.863665 0.863665 0.863665
1212.175659 0.000000 1177.895874 0.000000 0.772785 0.000000 0.634668 0.585853 0.585853 0.585853
1209.036499 0.000000 1181.915039 0.000000 0.798699 0.000000 -0.601731 0.904142 0.904142 0.904142
1214.490601 0.000000 1169.794678 0.000000 0.888876 0.000000 0.458148 0.636385 0.636385 0.636385
1209.443359 0.000000 1179.001465 0.000000 0.148602 0.000000 0.988897 0.410608 0.410608 0.410608
1218.632446 0.000000 1180.996704 0.000000 0.687823 0.000000 -0.725879 0.943925 0.943925 0.943925
1224.384888 0.000000 1160.427490 0.000000 0.516385 0.000000 -0.856356 0.995458 0.995458 0.995458
1219.935181 0.000000 1166.380981 0.000000 0.299420 0.000000 -0.954121 1.052405 1.052405 1.052405
1232.746216 0.000000 1162.174683 0.000000 0.683710 0.000000 0.729754 0.554726 0.554726 0.554726
1234.525635 0.000000 1168.283936 0.000000 0.952975 0.000000 -0.303048 0.823503 0.823503 0.823503
1231.509033 0.000000 1179.685669 0.000000 0.964116 0.000000 -0.265482 0.814148 0.814148 0.814148
1238.796265 0.000000 1173.369019 0.000000 0.191463 0.000000 0.981500 0.420992 0.420992 0.420992
1217.232910 0.000000 1166.489868 0.000000 0.996582 0.000000 0.082610 0.730256 0.730256 0.730256
1233.399048 0.000000 1164.523315 0.000000 0.361567 0.000000 -0.932346 1.036681 1.036681 1.036681
1266.521729 0.000000 1200.276123 0.000000 0.988224 0.000000 0.153017 0.713326 0.713326 0.713326
1280.594971 0.000000 1063.670410 0.000000 0.748655 0.000000 0.662960 0.576975 0.576975 0.576975
1305.692261 0.000000 1138.143799 0.000000 0.215089 0.000000 -0.976595 1.073247 1.073247 1.073247
1302.665527 0.000000 1145.954224 0.000000 0.163078 0.000000 -0.986613 1.085893 1.085893 1.085893
1303.982910 0.000000 1162.690430 0.000000 0.673890 0.000000 0.738832 0.551533 0.551533 0.551533
1312.591064 0.000000 1159.646973 0.000000 0.743776 0.000000 0.668429 0.575225 0.575225 0.575225
1317.530762 0.000000 1152.112183 0.000000 0.922762 0.000000 0.385370 0.655555 0.655555 0.655555
1660.120972 0.000000 1081.919312 0.000000 0.968564 0.000000 0.248763 0.689982 0.689982 0.689982
1659.327515 0.000000 1056.118286 0.000000 0.663930 0.000000 -0.747794 0.951665 0.951665 0.951665
1657.649292 0.000000 1074.159424 0.000000 0.943028 0.000000 0.332713 0.669027 0.669027 0.669027
1653.293457 0.000000 1059.715454 0.000000 0.702122 0.000000 0.712057 0.560823 0.560823 0.560823
1658.137573 0.000000 1078.901855 0.000000 0.159686 0.000000 -0.987168 1.086714 1.086714 1.086714
1662.884521 0.000000 1081.285278 0.000000 0.167502 0.000000 -0.985872 1.084822 1.084822 1.084822
1663.480225 0.000000 1083.777100 0.000000 0.306678 0.000000 0.951813 0.449413 0.449413 0.449413
1661.393066 0.000000 1083.522827 0.000000 0.924579 0.000000 0.380990 0.656687 0.656687 0.656687
1661.374512 0.000000 1081.105347 0.000000 0.696726 0.000000 0.717337 0.559021 0.559021 0.559021
1663.344116 0.000000 1080.245361 0.000000 0.668972 0.000000 -0.743287 0.950051 0.950051 0.950051
1682.399414 0.000000 1078.701050 0.000000 0.848175 0.000000 0.529716 0.616724 0.616724 0.616724
1683.957764 0.000000 1086.712524 0.000000 0.589508 0.000000 0.807763 0.525509 0.525509 0.525509
1672.330200 0.000000 1064.450928 0.000000 0.885580 0.000000 -0.464487 0.865321 0.865321 0.865321
1680.691528 0.000000 1066.198120 0.000000 0.733593 0.000000 0.679589 0.571619 0.571619 0.571619
1686.618652 0.000000 1081.969849 0.000000 0.466996 0.000000 -0.884259 1.009002 1.009002 1.009002
1668.077515 0.000000 1080.676270 0.000000 0.933470 0.000000 -0.358655 0.837574 0.837574 0.837574
1676.304565 0.000000 1066.908325 0.000000 0.987006 0.000000 -0.160682 0.788527 0.788527 0.788527
1675.632446 0.000000 1080.949951 0.000000 0.990912 0.000000 0.134511 0.717790 0.717790 0.717790
1673.616333 0.000000 1060.254028 0.000000 0.715682 0.000000 0.698427 0.565413 0.565413 0.565413
1664.047485 0.000000 1081.300537 0.000000 0.987315 0.000000 0.158772 0.711935 0.711935 0.711935
1670.510742 0.000000 1083.966187 0.000000 0.933414 0.000000 -0.358801 0.837611 0.837611 0.837611
1679.263794 0.000000 1069.871826 0.000000 0.559623 0.000000 0.828747 0.516791 0.516791 0.516791
1678.049072 0.000000 1087.228882 0.000000 0.979556 0.000000 -0.201174 0.798357 0.798357 0.798357
1679.154907 0.000000 1073.646606 0.000000 0.166240 0.000000 0.986085 0.414872 0.414872 0.414872
1675.160767 0.000000 1062.902100 0.000000 0.273098 0.000000 0.961986 0.441036 0.441036 0.441036
1672.837646 0.000000 1081.964233 0.000000 0.486841 0.000000 -0.873491 1.003612 1.003612 1.003612
1680.922485 0.000000 1086.318726 0.000000 0.569957 0.000000 0.821675 0.519780 0.519780 0.519780
1674.548218 0.000000 1068.874268 0.000000 0.002587 0.000000 0.999997 0.375618 0.375618 0.375618
1671.166748 0.000000 1061.324707 0.000000 0.980424 0.000000 -0.196899 0.797315 0.797315 0.797315
1673.734863 0.000000 1066.481567 0.000000 0.715465 0.000000 -0.698648 0.934661 0.934661 0.934661
1666.252686 0.000000 1082.452637 0.000000 0.682690 0.000000 0.730708 0.554393 0.554393 0.554393
1670.788818 0.000000 1080.571899 0.000000 0.848054 0.000000 0.529910 0.616669 0.616669 0.616669
1681.344360 0.000000 1068.546753 0.000000 0.341789 0.000000 0.939777 0.458275 0.458275 0.458275
1676.891602 0.000000 1069.661865 0.000000 0.999933 0.000000 -0.011585 0.752766 0.752766 0.752766
1678.581909 0.000000 1067.558838 0.000000 0.024658 0.000000 -0.999696 1.119113 1.119113 1.119113
1677.581299 0.000000 1071.867310 0.000000 0.386218 0.000000 -0.922407 1.030336 1.030336 1.030336
1668.427368 0.000000 1083.155518 0.000000 0.120685 0.000000 -0.992691 1.096118 1.096118 1.096118
1680.340088 0.000000 1071.871826 0.000000 0.989413 0.000000 0.145128 0.715231 0.715231 0.715231
1672.984375 0.000000 1062.396240 0.000000 0.006747 0.000000 -0.999977 1.123389 1.123389 1.123389
1674.187134 0.000000 1064.663940 0.000000 0.756845 0.000000 0.653595 0.579945 0.579945 0.579945
1670.051147 0.000000 1082.186890 0.000000 0.782740 0.000000 -0.622349 0.910366 0.910366 0.910366
1672.101196 0.000000 1067.252319 0.000000 0.465909 0.000000 0.884833 0.490704 0.490704 0.490704
1679.898682 0.000000 1087.616821 0.000000 0.938211 0.000000 -0.346063 0.834361 0.834361 0.834361
1680.801147 0.000000 1070.325684 0.000000 0.985938 0.000000 -0.167114 0.790084 0.790084 0.790084
1671.526367 0.000000 1082.801514 0.000000 0.570592 0.000000 -0.821234 0.980035 0.980035 0.980035
1679.227173 0.000000 1086.227051 0.000000 0.991816 0.000000 0.127679 0.719436 0.719436 0.719436
1666.501343 0.000000 1080.888794 0.000000 0.558108 0.000000 0.829768 0.516355 0.516355 0.516355
1675.290894 0.000000 1065.760986 0.000000 0.019870 0.000000 -0.999803 1.120256 1.120256 1.120256
1674.919556 0.000000 1067.343018 0.000000 0.999190 0.000000 0.040230 0.740393 0.740393 0.740393
1678.993286 0.000000 1071.402466 0.000000 0.604879 0.000000 0.796318 0.530084 0.530084 0.530084
1678.150757 0.000000 1068.892700 0.000000 0.060588 0.000000 0.998163 0.389473 0.389473 0.389473
1672.317749 0.000000 1065.860840 0.000000 0.965841 0.000000 0.259134 0.687422 0.687422 0.687422
1677.662231 0.000000 1066.451782 0.000000 0.810259 0.000000 0.586072 0.600505 0.600505 0.600505
1677.272339 0.000000 1067.865601 0.000000 0.829534 0.000000 -0.558456 0.891455 0.891455 0.891455
1664.779907 0.000000 1080.191040 0.000000 0.534970 0.000000 0.844871 0.509758 0.509758 0.509758
1673.396118 0.000000 1063.618774 0.000000 0.979952 0.000000 0.199232 0.702117 0.702117 0.702117
1679.355591 0.000000 1066.473267 0.000000 0.689723 0.000000 -0.724074 0.943299 0.943299 0.943299
1665.280273 0.000000 1081.360596 0.000000 0.992090 0.000000 0.125528 0.719953 0.719953 0.719953
1673.356812 0.000000 1065.415894 0.000000 0.191229 0.000000 -0.981545 1.079064 1.079064 1.079064
1783.924316 0.000000 1034.721680 0.000000 0.250760 0.000000 0.968049 0.435510 0.435510 0.435510
1788.105347 0.000000 1049.927124 0.000000 0.879356 0.000000 -0.476165 0.868480 0.868480 0.868480
1773.968750 0.000000 1027.582397 0.000000 0.198354 0.000000 -0.980130 1.077330 1.077330 1.077330
1779.946045 0.000000 1054.720337 0.000000 0.186536 0.000000 0.982448 0.419794 0.419794 0.419794
1768.318481 0.000000 1032.458740 0.000000 0.987543 0.000000 0.157352 0.712278 0.712278 0.712278
1768.005737 0.000000 1046.429077 0.000000 0.985334 0.000000 0.170637 0.709063 0.709063 0.709063
1778.459229 0.000000 1040.315186 0.000000 0.879266 0.000000 0.476332 0.631474 0.631474 0.631474
1773.270020 0.000000 1044.652710 0.000000 0.022962 0.000000 0.999736 0.380482 0.380482 0.380482
1775.442627 0.000000 1051.716919 0.000000 0.918291 0.000000 0.395905 0.652823 0.652823 0.652823
1790.060791 0.000000 1054.110352 0.000000 0.936406 0.000000 0.350919 0.664402 0.664402 0.664402
1771.620728 0.000000 1048.957764 0.000000 0.681011 0.000000 -0.732274 0.946155 0.946155 0.946155
1767.888184 0.000000 1037.043823 0.000000 0.528175 0.000000 0.849136 0.507843 0.507843 0.507843
1764.185913 0.000000 1033.914062 0.000000 0.522994 0.000000 0.852337 0.506389 0.506389 0.506389
1775.252075 0.000000 1037.879639 0.000000 0.743220 0.000000 0.669047 0.575027 0.575027 0.575027
1779.749146 0.000000 1036.541870 0.000000 0.918717 0.000000 0.394916 0.653080 0.653080 0.653080
1769.597900 0.000000 1042.859619 0.000000 0.520448 0.000000 -0.853894 0.994324 0.994324 0.994324
1786.121948 0.000000 1046.909668 0.000000 0.469117 0.000000 0.883136 0.491571 0.491571 0.491571
1775.143188 0.000000 1041.654419 0.000000 0.929631 0.000000 0.368491 0.659906 0.659906 0.659906
1775.134644 0.000000 1048.083618 0.000000 0.651975 0.000000 0.758241 0.544544 0.544544 0.544544
1779.708862 0.000000 1043.469604 0.000000 0.077732 0.000000 0.996974 0.393576 0.393576 0.393576
1779.261230 0.000000 1049.944214 0.000000 0.917262 0.000000 0.398283 0.652205 0.652205 0.652205
1785.373047 0.000000 1051.032715 0.000000 0.517070 0.000000 -0.855943 0.995267 0.995267 0.995267
1768.825928 0.000000 1049.972046 0.000000 0.909026 0.000000 0.416740 0.647379 0.647379 0.647379
1782.258545 0.000000 1052.860840 0.000000 0.826247 0.000000 0.563307 0.607147 0.607147 0.607147
1770.817627 0.000000 1046.061401 0.000000 0.485552 0.000000 0.874208 0.496036 0.496036 0.496036
1787.612305 0.000000 1052.625244 0.000000 1.000000 0.000000 0.000655 0.749844 0.749844 0.749844
1772.488770 0.000000 1042.115356 0.000000 0.999743 0.000000 -0.022684 0.755416 0.755416 0.755416
1765.371094 0.000000 1036.285522 0.000000 0.138348 0.000000 -0.990384 1.091865 1.091865 1.091865
1769.723145 0.000000 1034.489380 0.000000 0.976937 0.000000 -0.213527 0.801371 0.801371 0.801371
1778.777222 0.000000 1052.462402 0.000000 0.348631 0.000000 -0.937260 1.039985 1.039985 1.039985
1766.584351 0.000000 1034.141724 0.000000 0.995101 0.000000 0.098867 0.726359 0.726359 0.726359
1777.332642 0.000000 1036.554565 0.000000 0.257069 0.000000 0.966393 0.437067 0.437067 0.437067
1767.469482 0.000000 1044.079956 0.000000 0.563979 0.000000 -0.825789 0.981953 0.981953 0.981953
1785.720581 0.000000 1044.603271 0.000000 0.580408 0.000000 0.814326 0.522830 0.522830 0.522830
1772.911865 0.000000 1046.942749 0.000000 0.896416 0.000000 0.443215 0.640378 0.640378 0.640378
1766.088257 0.000000 1038.566895 0.000000 0.154983 0.000000 0.987917 0.412149 0.412149 0.412149
1769.672119 0.000000 1047.918945 0.000000 0.084282 0.000000 -0.996442 1.104855 1.104855 1.104855
1774.119385 0.000000 1049.954834 0.000000 0.990278 0.000000 0.139103 0.716684 0.716684 0.716684
1776.328369 0.000000 1039.879639 0.000000 0.663209 0.000000 0.748434 0.548105 0.548105 0.548105
1777.792114 0.000000 1042.320312 0.000000 0.438494 0.000000 0.898734 0.483366 0.483366 0.483366
1786.039795 0.000000 1049.022827 0.000000 0.730221 0.000000 0.683211 0.570437 0.570437 0.570437
1778.428711 0.000000 1038.269897 0.000000 0.628344 0.000000 -0.777936 0.962800 0.962800 0.962800
1782.055786 0.000000 1055.132690 0.000000 0.344033 0.000000 -0.938957 1.041155 1.041155 1.041155
1771.289795 0.000000 1044.019653 0.000000 0.089970 0.000000 0.995944 0.396508 0.396508 0.396508
1786.779785 0.000000 1054.783081 0.000000 0.837492 0.000000 0.546450 0.611984 0.611984 0.611984
1769.161377 0.000000 1044.929321 0.000000 0.956393 0.000000 0.292084 0.679239 0.679239 0.679239
1774.833008 0.000000 1043.536255 0.000000 0.692632 0.000000 -0.721291 0.942338 0.942338 0.942338
1784.499634 0.000000 1046.002808 0.000000 0.684617 0.000000 0.728903 0.555023 0.555023 0.555023
1768.089478 0.000000 1035.260132 0.000000 0.581118 0.000000 -0.813819 0.976962 0.976962 0.976962
1777.239014 0.000000 1051.598389 0.000000 0.986162 0.000000 0.165786 0.710238 0.710238 0.710238
1779.400269 0.000000 1048.098999 0.000000 0.787754 0.000000 -0.615990 0.908433 0.908433 0.908433
1788.545166 0.000000 1054.917236 0.000000 0.184860 0.000000 -0.982765 1.080613 1.080613 1.080613
1780.963867 0.000000 1049.512329 0.000000 0.787318 0.000000 -0.616547 0.908602 0.908602 0.908602
1784.422852 0.000000 1049.528320 0.000000 0.751666 0.000000 0.659544 0.578062 0.578062 0.578062
1783.639404 0.000000 1054.850586 0.000000 0.371325 0.000000 -0.928503 1.034178 1.034178 1.034178
1780.406250 0.000000 1053.216187 0.000000 0.180322 0.000000 0.983608 0.418285 0.418285 0.418285
1776.789429 0.000000 1038.333496 0.000000 0.424905 0.000000 0.905238 0.479769 0.479769 0.479769
1764.358887 0.000000 1032.348999 0.000000 0.767147 0.000000 0.641472 0.583743 0.583743 0.583743
1786.970215 0.000000 1051.137573 0.000000 0.948356 0.000000 -0.317208 0.827059 0.827059 0.827059
1770.179565 0.000000 1049.333984 0.000000 0.091758 0.000000 -0.995781 1.103063 1.103063 1.103063
1776.257690 0.000000 1042.708862 0.000000 0.103184 0.000000 -0.994662 1.100323 1.100323 1.100323
1766.744263 0.000000 1032.542358 0.000000 0.886633 0.000000 -0.462473 0.864778 0.864778 0.864778
1771.326416 0.000000 1047.486816 0.000000 0.758300 0.000000 -0.651906 0.919523 0.919523 0.919523
1775.544800 0.000000 1050.232300 0.000000 0.625040 0.000000 -0.780593 0.963812 0.963812 0.963812
1766.806641 0.000000 1036.031494 0.000000 0.993426 0.000000 0.114478 0.722610 0.722610 0.722610
1769.203857 0.000000 1036.195435 0.000000 0.677853 0.000000 0.735198 0.552817 0.552817 0.552817
1764.088989 0.000000 1035.404175 0.000000 0.710183 0.000000 0.704018 0.563541 0.563541 0.563541
1774.981567 0.000000 1039.410278 0.000000 0.084060 0.000000 0.996461 0.395092 0.395092 0.395092
1776.809082 0.000000 1041.259277 0.000000 0.253169 0.000000 0.967422 0.436105 0.436105 0.436105
1771.977783 0.000000 1045.254639 0.000000 0.738314 0.000000 0.674458 0.573283 0.573283 0.573283
1769.402222 0.000000 1046.532227 0.000000 0.915108 0.000000 0.403208 0.650921 0.650921 0.650921
1765.393921 0.000000 1034.878662 0.000000 0.360237 0.000000 0.932861 0.462978 0.462978 0.462978
1768.306030 0.000000 1033.868652 0.000000 0.711011 0.000000 -0.703181 0.936178 0.936178 0.936178
1765.043945 0.000000 1037.668335 0.000000 0.235915 0.000000 -0.971774 1.068143 1.068143 1.068143
1766.374756 0.000000 1037.282959 0.000000 0.977374 0.000000 0.211520 0.699119 0.699119 0.699119
1777.555298 0.000000 1039.371826 0.000000 0.658115 0.000000 -0.752918 0.953516 0.953516 0.953516
1769.441528 0.000000 1037.471680 0.000000 0.154296 0.000000 0.988025 0.411983 0.411983 0.411983
1770.377197 0.000000 1044.928101 0.000000 0.930064 0.000000 0.367397 0.660187 0.660187 0.660187
1780.747437 0.000000 1055.715576 0.000000 0.878012 0.000000 -0.478639 0.869152 0.869152 0.869152
1768.004150 0.000000 1045.203613 0.000000 0.938004 0.000000 0.346623 0.665496 0.665496 0.665496
1768.597290 0.000000 1047.404663 0.000000 0.956401 0.000000 0.292058 0.679245 0.679245 0.679245
1771.929199 0.000000 1046.442749 0.000000 0.436857 0.000000 -0.899531 1.017069 1.017069 1.017069
1770.268311 0.000000 1085.265381 0.000000 0.674396 0.000000 0.738370 0.551697 0.551697 0.551697
1788.105347 0.000000 1081.919312 0.000000 0.855670 0.000000 0.517522 0.620141 0.620141 0.620141
1787.311890 0.000000 1056.118286 0.000000 0.951559 0.000000 0.307467 0.675389 0.675389 0.675389
1779.946045 0.000000 1086.712524 0.000000 0.990009 0.000000 -0.141005 0.783775 0.783775 0.783775
1781.277832 0.000000 1059.715454 0.000000 0.462816 0.000000 0.886454 0.489871 0.489871 0.489871
1789.420044 0.000000 1069.038696 0.000000 0.746623 0.000000 -0.665248 0.923756 0.923756 0.923756
1775.442627 0.000000 1083.709106 0.000000 0.222751 0.000000 -0.974875 1.071372 1.071372 1.071372
1784.664673 0.000000 1062.483032 0.000000 0.915419 0.000000 -0.402503 0.848895 0.848895 0.848895
1783.560303 0.000000 1056.456299 0.000000 0.847351 0.000000 -0.531033 0.883647 0.883647 0.883647
1774.037354 0.000000 1087.228882 0.000000 0.999984 0.000000 -0.005686 0.751357 0.751357 0.751357
1786.544922 0.000000 1070.853638 0.000000 0.756561 0.000000 0.653923 0.579842 0.579842 0.579842
1780.502686 0.000000 1056.777832 0.000000 0.579337 0.000000 0.815088 0.522516 0.522516 0.522516
1790.608887 0.000000 1056.145508 0.000000 0.711125 0.000000 -0.703066 0.936139 0.936139 0.936139
1772.637451 0.000000 1083.638062 0.000000 0.844997 0.000000 -0.534771 0.884702 0.884702 0.884702
1783.711792 0.000000 1060.179321 0.000000 0.859422 0.000000 0.511267 0.621882 0.621882 0.621882
1783.071655 0.000000 1064.407593 0.000000 0.881854 0.000000 0.471522 0.632779 0.632779 0.632779
1782.102051 0.000000 1062.071411 0.000000 0.180861 0.000000 -0.983509 1.081584 1.081584 1.081584
1772.383301 0.000000 1085.784546 0.000000 0.888195 0.000000 -0.459467 0.863970 0.863970 0.863970
1785.312256 0.000000 1065.106934 0.000000 0.170137 0.000000 -0.985420 1.084184 1.084184 1.084184
1774.140381 0.000000 1085.090576 0.000000 0.984131 0.000000 0.177446 0.707412 0.707412 0.707412
1788.964111 0.000000 1067.212524 0.000000 0.531369 0.000000 0.847140 0.508742 0.508742 0.508742
1787.594238 0.000000 1069.321533 0.000000 0.977236 0.000000 0.212154 0.698964 0.698964 0.698964
1788.973999 0.000000 1056.726318 0.000000 0.667440 0.000000 0.744663 0.549458 0.549458 0.549458
1785.289673 0.000000 1060.828125 0.000000 0.717017 0.000000 -0.697055 0.934130 0.934130 0.934130
1781.943237 0.000000 1055.818604 0.000000 0.830343 0.000000 -0.557253 0.891108 0.891108 0.891108
1787.400513 0.000000 1067.632812 0.000000 0.673276 0.000000 -0.739391 0.948665 0.948665 0.948665
1786.087646 0.000000 1062.381958 0.000000 0.905158 0.000000 0.425076 0.645185 0.645185 0.645185
1784.588379 0.000000 1063.890991 0.000000 0.394931 0.000000 0.918711 0.471924 0.471924 0.471924
1781.756592 0.000000 1057.097290 0.000000 0.710719 0.000000 -0.703476 0.936277 0.936277 0.936277
1786.622192 0.000000 1064.946899 0.000000 0.017619 0.000000 0.999845 0.379207 0.379207 0.379207
1783.636475 0.000000 1057.694702 0.000000 0.074019 0.000000 0.997257 0.392687 0.392687 0.392687
1785.736572 0.000000 1064.006592 0.000000 0.917276 0.000000 0.398252 0.652213 0.652213 0.652213
1787.774658 0.000000 1064.950195 0.000000 0.896537 0.000000 -0.442969 0.859556 0.859556 0.859556
1685.289551 0.000000 1091.707642 0.000000 0.298459 0.000000 -0.954422 1.052645 1.052645 1.052645
1687.572021 0.000000 1088.448486 0.000000 0.788580 0.000000 0.614932 0.591887 0.591887 0.591887
1694.511841 0.000000 1098.146240 0.000000 0.234850 0.000000 -0.972032 1.068405 1.068405 1.068405
1684.514404 0.000000 1088.770020 0.000000 0.546889 0.000000 0.837205 0.513141 0.513141 0.513141
1686.558838 0.000000 1090.197388 0.000000 0.951892 0.000000 -0.306434 0.824352 0.824352 0.824352
1685.768311 0.000000 1089.089478 0.000000 0.069648 0.000000 0.997572 0.391641 0.391641 0.391641
1686.599243 0.000000 1091.444702 0.000000 0.679725 0.000000 -0.733467 0.946574 0.946574 0.946574
1699.876587 0.000000 1102.396606 0.000000 0.705378 0.000000 0.708831 0.561917 0.561917 0.561917
1703.584717 0.000000 1104.208862 0.000000 0.962911 0.000000 -0.269819 0.815223 0.815223 0.815223
1696.965454 0.000000 1098.023560 0.000000 0.606370 0.000000 0.795183 0.530531 0.530531 0.530531
1701.684692 0.000000 1104.318115 0.000000 0.968758 0.000000 0.248010 0.690168 0.690168 0.690168
1697.275269 0.000000 1100.943359 0.000000 0.416132 0.000000 0.909304 0.477461 0.477461 0.477461
1699.794189 0.000000 1100.795288 0.000000 0.964311 0.000000 0.264772 0.686028 0.686028 0.686028
1698.757690 0.000000 1103.102905 0.000000 0.872993 0.000000 0.487732 0.628368 0.628368 0.628368
1783.924316 0.000000 1098.706055 0.000000 0.526847 0.000000 -0.849960 0.992530 0.992530 0.992530
1773.968750 0.000000 1091.566772 0.000000 0.758253 0.000000 -0.651960 0.919540 0.919540 0.919540
1762.566040 0.000000 1117.012329 0.000000 0.261672 0.000000 -0.965157 1.061795 1.061795 1.061795
1768.005737 0.000000 1110.413452 0.000000 0.846752 0.000000 -0.531988 0.883916 0.883916 0.883916
1777.533203 0.000000 1088.015625 0.000000 0.900388 0.000000 0.435087 0.642538 0.642538 0.642538
1770.572510 0.000000 1087.911377 0.000000 0.992613 0.000000 0.121327 0.720964 0.720964 0.720964
1790.014038 0.000000 1109.639160 0.000000 0.762833 0.000000 -0.646595 0.917856 0.917856 0.917856
1764.065796 0.000000 1112.668457 0.000000 0.822480 0.000000 0.568794 0.605558 0.605558 0.605558
1769.604614 0.000000 1092.246216 0.000000 0.988252 0.000000 -0.152835 0.786630 0.786630 0.786630
1766.499023 0.000000 1115.958374 0.000000 0.824060 0.000000 0.566503 0.606222 0.606222 0.606222
1777.546631 0.000000 1093.306763 0.000000 0.806953 0.000000 -0.590616 0.900836 0.900836 0.900836
1774.171509 0.000000 1095.389771 0.000000 0.966257 0.000000 0.257579 0.687806 0.687806 0.687806
1790.420288 0.000000 1105.810303 0.000000 0.553500 0.000000 0.832849 0.515031 0.515031 0.515031
1769.597900 0.000000 1106.843994 0.000000 0.654003 0.000000 0.756492 0.545184 0.545184 0.545184
1768.825928 0.000000 1113.956421 0.000000 0.999600 0.000000 0.028300 0.743243 0.743243 0.743243
1764.966187 0.000000 1118.583374 0.000000 0.178867 0.000000 -0.983873 1.082068 1.082068 1.082068
1788.132324 0.000000 1107.532471 0.000000 0.773637 0.000000 -0.633629 0.913827 0.913827 0.913827
1778.498779 0.000000 1090.606445 0.000000 0.062883 0.000000 0.998021 0.390022 0.390022 0.390022
1787.612305 0.000000 1116.609619 0.000000 0.536374 0.000000 -0.843980 0.989845 0.989845 0.989845
1771.526001 0.000000 1090.385864 0.000000 0.624998 0.000000 -0.780627 0.963825 0.963825 0.963825
1762.574097 0.000000 1119.703247 0.000000 0.894235 0.000000 0.447598 0.639210 0.639210 0.639210
1788.937012 0.000000 1103.728882 0.000000 0.998702 0.000000 0.050935 0.737835 0.737835 0.737835
1778.777222 0.000000 1116.446777 0.000000 0.639396 0.000000 0.768878 0.540612 0.540612 0.540612
1762.240967 0.000000 1114.444824 0.000000 0.244673 0.000000 -0.969606 1.065989 1.065989 1.065989
1766.777100 0.000000 1112.564087 0.000000 0.166746 0.000000 0.986000 0.414994 0.414994 0.414994
1776.132812 0.000000 1090.756958 0.000000 0.167503 0.000000 0.985871 0.415178 0.415178 0.415178
1771.929932 0.000000 1092.696167 0.000000 0.494514 0.000000 0.869169 0.498491 0.498491 0.498491
1760.435303 0.000000 1116.007324 0.000000 0.722224 0.000000 -0.691659 0.932340 0.932340 0.932340
1779.902710 0.000000 1093.751831 0.000000 0.022008 0.000000 -0.999758 1.119745 1.119745 1.119745
1764.415649 0.000000 1115.147705 0.000000 0.844879 0.000000 -0.534957 0.884754 0.884754 0.884754
1775.323853 0.000000 1093.440552 0.000000 0.521841 0.000000 -0.853043 0.993934 0.993934 0.993934
1790.793091 0.000000 1102.685059 0.000000 0.428602 0.000000 -0.903493 1.019255 1.019255 1.019255
1790.940430 0.000000 1107.807007 0.000000 0.940135 0.000000 0.340804 0.666976 0.666976 0.666976
1780.631836 0.000000 1115.514404 0.000000 0.958167 0.000000 0.286210 0.680703 0.680703 0.680703
1782.055786 0.000000 1119.117065 0.000000 0.318810 0.000000 -0.947819 1.047537 1.047537 1.047537
1786.779785 0.000000 1118.767456 0.000000 0.456282 0.000000 -0.889835 1.011886 1.011886 1.011886
1766.039429 0.000000 1114.179077 0.000000 0.255621 0.000000 0.966777 0.436710 0.436710 0.436710
1773.449585 0.000000 1093.680664 0.000000 0.553528 0.000000 -0.832831 0.984961 0.984961 0.984961
1785.211792 0.000000 1119.721924 0.000000 0.605555 0.000000 0.795804 0.530287 0.530287 0.530287
1766.595825 0.000000 1117.744385 0.000000 0.633299 0.000000 0.773907 0.538725 0.538725 0.538725
1779.222290 0.000000 1092.164551 0.000000 0.567100 0.000000 -0.823649 0.981049 0.981049 0.981049
1761.527832 0.000000 1118.385132 0.000000 0.609770 0.000000 -0.792579 0.968446 0.968446 0.968446
1764.238159 0.000000 1117.057739 0.000000 0.884236 0.000000 0.467040 0.633990 0.633990 0.633990
1783.639404 0.000000 1118.834961 0.000000 0.576089 0.000000 0.817387 0.521566 0.521566 0.521566
1780.406250 0.000000 1117.200562 0.000000 0.582814 0.000000 -0.812606 0.976464 0.976464 0.976464
1763.411743 0.000000 1118.382690 0.000000 0.112489 0.000000 0.993653 0.401912 0.401912 0.401912
1767.514648 0.000000 1114.793701 0.000000 0.901708 0.000000 0.432346 0.643264 0.643264 0.643264
1777.384277 0.000000 1091.677490 0.000000 0.985094 0.000000 0.172015 0.708729 0.708729 0.708729
1790.578857 0.000000 1104.275513 0.000000 0.392881 0.000000 -0.919589 1.028609 1.028609 1.028609
1783.725098 0.000000 1117.046997 0.000000 0.994554 0.000000 -0.104225 0.774927 0.774927 0.774927
1774.857422 0.000000 1090.061401 0.000000 0.822286 0.000000 0.569075 0.605476 0.605476 0.605476
1775.536011 0.000000 1092.030396 0.000000 0.171035 0.000000 0.985265 0.416033 0.416033 0.416033
1789.096069 0.000000 1105.331177 0.000000 0.934482 0.000000 0.356009 0.663103 0.663103 0.663103
1763.048218 0.000000 1115.674438 0.000000 0.035258 0.000000 -0.999378 1.116581 1.116581 1.116581
1763.555664 0.000000 1114.038574 0.000000 0.222977 0.000000 0.974824 0.428683 0.428683 0.428683
1760.760254 0.000000 1117.314697 0.000000 0.034864 0.000000 -0.999392 1.116675 1.116675 1.116675
1781.440796 0.000000 1117.978149 0.000000 0.655093 0.000000 0.755548 0.545528 0.545528 0.545528
1765.226929 0.000000 1116.270386 0.000000 0.345005 0.000000 0.938601 0.459092 0.459092 0.459092
1764.913452 0.000000 1113.631470 0.000000 0.912538 0.000000 -0.408993 0.850590 0.850590 0.850590
1774.269165 0.000000 1092.786133 0.000000 0.879007 0.000000 0.476809 0.631345 0.631345 0.631345
1767.617432 0.000000 1113.584717 0.000000 0.901767 0.000000 0.432223 0.643297 0.643297 0.643297
1776.564209 0.000000 1092.639526 0.000000 0.968543 0.000000 0.248847 0.689961 0.689961 0.689961
1791.735229 0.000000 1105.913452 0.000000 0.980665 0.000000 -0.195692 0.797021 0.797021 0.797021
1780.747437 0.000000 1119.699951 0.000000 0.975384 0.000000 -0.220511 0.803079 0.803079 0.803079
1765.403442 0.000000 1117.509399 0.000000 0.884339 0.000000 -0.466846 0.865957 0.865957 0.865957
1776.437500 0.000000 1093.773926 0.000000 0.994848 0.000000 -0.101382 0.774245 0.774245 0.774245
1765.571045 0.000000 1115.199219 0.000000 0.988012 0.000000 -0.154374 0.787002 0.787002 0.787002
1781.261841 0.000000 1116.418823 0.000000 0.812457 0.000000 -0.583021 0.898597 0.898597 0.898597
1755.315796 0.000000 1120.102661 0.000000 0.817826 0.000000 0.575466 0.603616 0.603616 0.603616
1756.994507 0.000000 1126.489258 0.000000 0.967872 0.000000 0.251444 0.689321 0.689321 0.689321
1758.796265 0.000000 1124.860474 0.000000 0.000033 0.000000 -1.000000 1.124992 1.124992 1.124992
1758.679810 0.000000 1127.959595 0.000000 0.828749 0.000000 0.559620 0.608210 0.608210 0.608210
1759.217529 0.000000 1126.421997 0.000000 0.272100 0.000000 0.962269 0.440789 0.440789 0.440789
1757.279297 0.000000 1125.003174 0.000000 0.443773 0.000000 0.896139 0.484770 0.484770 0.484770
1758.096069 0.000000 1125.948608 0.000000 0.919333 0.000000 -0.393479 0.846546 0.846546 0.846546
1760.536377 0.000000 1127.654785 0.000000 0.960200 0.000000 -0.279312 0.817580 0.817580 0.817580
1783.924316 0.000000 1130.698242 0.000000 0.792892 0.000000 0.609362 0.593569 0.593569 0.593569
1788.105347 0.000000 1145.903687 0.000000 0.202368 0.000000 0.979310 0.423648 0.423648 0.423648
1760.773193 0.000000 1141.232300 0.000000 0.979346 0.000000 -0.202193 0.798605 0.798605 0.798605
1787.311890 0.000000 1120.102661 0.000000 0.066025 0.000000 0.997818 0.390774 0.390774 0.390774
1778.387695 0.000000 1142.685425 0.000000 0.893696 0.000000 0.448673 0.638922 0.638922 0.638922
1764.065796 0.000000 1144.660645 0.000000 0.250252 0.000000 0.968181 0.435385 0.435385 0.435385
1760.142212 0.000000 1136.809448 0.000000 0.809178 0.000000 0.587564 0.600065 0.600065 0.600065
1784.664673 0.000000 1126.467407 0.000000 0.243106 0.000000 -0.970000 1.066375 1.066375 1.066375
1780.556030 0.000000 1127.932617 0.000000 0.222367 0.000000 0.974963 0.428534 0.428534 0.428534
1760.035767 0.000000 1145.284912 0.000000 0.981613 0.000000 0.190883 0.704149 0.704149 0.704149
1783.560303 0.000000 1120.440674 0.000000 0.193134 0.000000 -0.981172 1.078601 1.078601 1.078601
1789.617432 0.000000 1122.915283 0.000000 0.864377 0.000000 -0.502844 0.875785 0.875785 0.875785
1786.227295 0.000000 1123.378174 0.000000 0.944642 0.000000 0.328103 0.670193 0.670193 0.670193
1760.943970 0.000000 1124.457520 0.000000 0.760751 0.000000 0.649044 0.581377 0.581377 0.581377
1763.913696 0.000000 1141.472778 0.000000 0.160397 0.000000 -0.987053 1.086542 1.086542 1.086542
1780.502686 0.000000 1120.762207 0.000000 0.948315 0.000000 -0.317330 0.827090 0.827090 0.827090
1762.411621 0.000000 1138.742676 0.000000 0.880056 0.000000 -0.474870 0.868129 0.868129 0.868129
1762.465820 0.000000 1131.889771 0.000000 0.134693 0.000000 0.990887 0.407254 0.407254 0.407254
1783.071655 0.000000 1128.391968 0.000000 0.913037 0.000000 0.407876 0.649702 0.649702 0.649702
1782.102051 0.000000 1126.055786 0.000000 0.396071 0.000000 -0.918220 1.027780 1.027780 1.027780
1763.868530 0.000000 1136.818237 0.000000 0.579967 0.000000 -0.814640 0.977299 0.977299 0.977299
1786.841553 0.000000 1127.617065 0.000000 0.981494 0.000000 -0.191493 0.796000 0.796000 0.796000
1790.792358 0.000000 1124.860474 0.000000 0.939200 0.000000 0.343372 0.666323 0.666323 0.666323
1787.133301 0.000000 1125.358521 0.000000 0.965240 0.000000 0.261366 0.686870 0.686870 0.686870
1787.737671 0.000000 1122.003662 0.000000 0.856609 0.000000 0.515966 0.620575 0.620575 0.620575
1759.845703 0.000000 1125.970337 0.000000 0.970452 0.000000 0.241293 0.691821 0.691821 0.691821
1788.038818 0.000000 1123.823242 0.000000 0.346713 0.000000 0.937971 0.459527 0.459527 0.459527
1781.943237 0.000000 1119.802979 0.000000 0.986433 0.000000 0.164165 0.710630 0.710630 0.710630
1761.457886 0.000000 1126.257935 0.000000 0.954067 0.000000 -0.299593 0.822638 0.822638 0.822638
1760.051147 0.000000 1119.801514 0.000000 0.362736 0.000000 -0.931892 1.036382 1.036382 1.036382
1789.275391 0.000000 1125.003174 0.000000 0.939673 0.000000 0.342074 0.666653 0.666653 0.666653
1759.820923 0.000000 1129.015259 0.000000 0.775898 0.000000 -0.630858 0.912973 0.912973 0.912973
1761.901978 0.000000 1127.673584 0.000000 0.973634 0.000000 -0.228116 0.804942 0.804942 0.804942
1789.970825 0.000000 1124.021606 0.000000 0.920390 0.000000 -0.391002 0.845904 0.845904 0.845904
1759.821167 0.000000 1124.351074 0.000000 0.721385 0.000000 0.692534 0.567371 0.567371 0.567371
1770.268311 0.000000 1181.241943 0.000000 0.326212 0.000000 0.945297 0.454329 0.454329 0.454329
1760.536377 0.000000 1159.646973 0.000000 0.494267 0.000000 0.869310 0.498423 0.498423 0.498423
1771.271973 0.000000 1167.434692 0.000000 0.985262 0.000000 0.171051 0.708963 0.708963 0.708963
1773.968750 0.000000 1155.551147 0.000000 0.461731 0.000000 -0.887020 1.010421 1.010421 1.010421
1765.476074 0.000000 1152.112183 0.000000 0.804089 0.000000 -0.594509 0.901990 0.901990 0.901990
1783.924316 0.000000 1194.682617 0.000000 0.926694 0.000000 0.375816 0.658022 0.658022 0.658022
1802.264404 0.000000 1053.273193 0.000000 0.928514 0.000000 -0.371299 0.840815 0.840815 0.840815
1792.532471 0.000000 1031.678223 0.000000 0.779797 0.000000 -0.626033 0.911492 0.911492 0.911492
1791.832397 0.000000 1054.285767 0.000000 0.658102 0.000000 -0.752929 0.953520 0.953520 0.953520
1802.264404 0.000000 1085.265381 0.000000 0.303290 0.000000 0.952898 0.448564 0.448564 0.448564
1792.532471 0.000000 1063.670410 0.000000 0.064148 0.000000 -0.997940 1.109675 1.109675 1.109675
1795.864868 0.000000 1070.404419 0.000000 0.086200 0.000000 -0.996278 1.104396 1.104396 1.104396
1791.967651 0.000000 1057.388794 0.000000 0.246342 0.000000 0.969183 0.434422 0.434422 0.434422
1796.061890 0.000000 1080.676270 0.000000 0.776030 0.000000 0.630696 0.587077 0.587077 0.587077
1798.495117 0.000000 1083.966187 0.000000 0.875058 0.000000 0.484018 0.629383 0.629383 0.629383
1792.940063 0.000000 1060.473145 0.000000 0.985064 0.000000 -0.172189 0.791313 0.791313 0.791313
1796.962280 0.000000 1086.591187 0.000000 0.945269 0.000000 -0.326293 0.829350 0.829350 0.829350
1799.967651 0.000000 1086.812866 0.000000 0.971221 0.000000 0.238178 0.692587 0.692587 0.692587
1794.237061 0.000000 1082.452637 0.000000 0.857849 0.000000 0.513902 0.621150 0.621150 0.621150
1800.469604 0.000000 1084.400269 0.000000 0.921984 0.000000 -0.387228 0.844926 0.844926 0.844926
1798.035522 0.000000 1082.186890 0.000000 0.735070 0.000000 0.677991 0.572138 0.572138 0.572138
1798.591919 0.000000 1085.752197 0.000000 0.145869 0.000000 0.989304 0.409948 0.409948 0.409948
1799.510742 0.000000 1082.801514 0.000000 0.979147 0.000000 -0.203153 0.798839 0.798839 0.798839
1798.631104 0.000000 1087.174194 0.000000 0.916530 0.000000 -0.399966 0.848234 0.848234 0.848234
1799.889282 0.000000 1085.556519 0.000000 0.851584 0.000000 -0.524218 0.881732 0.881732 0.881732
1801.082886 0.000000 1085.440186 0.000000 0.781406 0.000000 -0.624023 0.910877 0.910877 0.910877
1792.532471 0.000000 1095.662598 0.000000 0.517561 0.000000 0.855646 0.504870 0.504870 0.504870
1803.268066 0.000000 1103.450317 0.000000 0.710609 0.000000 -0.703587 0.936315 0.936315 0.936315
1805.964844 0.000000 1091.566772 0.000000 0.925643 0.000000 0.378398 0.657356 0.657356 0.657356
1792.769287 0.000000 1109.240112 0.000000 0.941802 0.000000 0.336169 0.668151 0.668151 0.668151
1808.675903 0.000000 1098.190308 0.000000 0.222535 0.000000 -0.974925 1.071425 1.071425 1.071425
1802.568604 0.000000 1087.911377 0.000000 0.970304 0.000000 -0.241888 0.808325 0.808325 0.808325
1792.138306 0.000000 1104.817261 0.000000 0.368491 0.000000 0.929631 0.465094 0.465094 0.465094
1801.600708 0.000000 1092.246216 0.000000 0.334943 0.000000 0.942238 0.456538 0.456538 0.456538
1796.182007 0.000000 1097.898438 0.000000 0.381275 0.000000 -0.924462 1.031614 1.031614 1.031614
1807.248169 0.000000 1101.864014 0.000000 0.932893 0.000000 -0.360153 0.837957 0.837957 0.837957
1792.940063 0.000000 1092.465332 0.000000 0.515506 0.000000 -0.856886 0.995703 0.995703 0.995703
1799.572998 0.000000 1104.208862 0.000000 0.996805 0.000000 0.079874 0.730911 0.730911 0.730911
1803.145142 0.000000 1094.894287 0.000000 0.987781 0.000000 -0.155851 0.787359 0.787359 0.787359
1795.175537 0.000000 1090.078125 0.000000 0.955933 0.000000 0.293584 0.678864 0.678864 0.678864
1797.710205 0.000000 1095.448730 0.000000 0.501171 0.000000 0.865348 0.500323 0.500323 0.500323
1803.522095 0.000000 1090.385864 0.000000 0.878222 0.000000 0.478253 0.630953 0.630953 0.630953
1799.151123 0.000000 1093.316895 0.000000 0.504062 0.000000 0.863668 0.501121 0.501121 0.501121
1793.162598 0.000000 1102.505493 0.000000 0.834487 0.000000 0.551027 0.610677 0.610677 0.610677
1809.925781 0.000000 1096.009399 0.000000 0.446273 0.000000 -0.894897 1.014563 1.014563 1.014563
1806.566284 0.000000 1099.551025 0.000000 0.113214 0.000000 0.993571 0.402086 0.402086 0.402086
1791.798340 0.000000 1107.135010 0.000000 0.053166 0.000000 0.998586 0.387698 0.387698 0.387698
1803.926025 0.000000 1092.696167 0.000000 0.175131 0.000000 0.984545 0.417026 0.417026 0.417026
1807.319946 0.000000 1093.440552 0.000000 0.999416 0.000000 0.034170 0.741841 0.741841 0.741841
1800.546265 0.000000 1087.737305 0.000000 0.853974 0.000000 0.520316 0.619361 0.619361 0.619361
1794.775269 0.000000 1093.320435 0.000000 0.542265 0.000000 -0.840208 0.988175 0.988175 0.988175
1793.989746 0.000000 1104.242920 0.000000 0.803232 0.000000 -0.595666 0.902334 0.902334 0.902334
1805.445679 0.000000 1093.680664 0.000000 0.951366 0.000000 0.308063 0.675239 0.675239 0.675239
1805.294434 0.000000 1090.007935 0.000000 0.820141 0.000000 -0.572161 0.895421 0.895421 0.895421
1799.359253 0.000000 1095.049072 0.000000 0.120712 0.000000 0.992688 0.403888 0.403888 0.403888
1791.818726 0.000000 1103.272095 0.000000 0.999996 0.000000 0.002897 0.749308 0.749308 0.749308
1798.024292 0.000000 1092.168091 0.000000 0.773266 0.000000 0.634082 0.586034 0.586034 0.586034
1793.012451 0.000000 1106.082886 0.000000 0.449455 0.000000 0.893303 0.486286 0.486286 0.486286
1793.185425 0.000000 1107.705444 0.000000 0.383700 0.000000 -0.923458 1.030987 1.030987 1.030987
1804.683228 0.000000 1095.001221 0.000000 0.999986 0.000000 0.005258 0.748745 0.748745 0.748745
1804.006836 0.000000 1093.969360 0.000000 0.849520 0.000000 -0.527556 0.882669 0.882669 0.882669
1805.062866 0.000000 1092.539917 0.000000 0.559710 0.000000 -0.828689 0.983184 0.983184 0.983184
1792.532471 0.000000 1159.646973 0.000000 0.841117 0.000000 0.540854 0.613576 0.613576 0.613576
1792.532471 0.000000 1191.639160 0.000000 0.067776 0.000000 -0.997701 1.108807 1.108807 1.108807
"}
