object={
	name="Brown_bear"
	clamp_to_water_level=yes
	render_under_water=yes
	generated_content=no
	layer="monument_layer"
	entity="brown_bear_entity"
	count=3
	transform="1018.578125 0.000000 1407.038330 0.000000 -0.540903 0.000000 0.841085 0.547678 0.547678 0.547678
399.039001 0.000000 1769.294922 0.000000 0.323727 0.000000 0.946150 0.743478 0.743478 0.743478
2911.570801 0.000000 2913.613037 0.000000 0.359752 0.000000 -0.933048 0.340355 0.340355 0.340355
"}
object={
	name="Camel"
	clamp_to_water_level=yes
	render_under_water=yes
	generated_content=no
	layer="monument_layer"
	entity="camel_entity"
	count=4
	transform="929.144714 0.000000 581.691650 0.000000 0.642913 0.000000 0.765940 0.684412 0.684412 0.684412
79.052895 0.000000 805.031189 0.000000 0.403425 0.000000 -0.915013 0.424510 0.424510 0.424510
2191.447266 0.000000 476.949310 0.000000 0.000000 0.000000 1.000000 0.613044 0.613044 0.613044
2560.313721 0.000000 789.334290 0.000000 0.000000 0.000000 1.000000 0.896448 0.896448 0.896448
"}
object={
	name="Crocodile"
	clamp_to_water_level=yes
	render_under_water=yes
	generated_content=no
	layer="monument_layer"
	entity="crocodile_entity"
	count=3
	transform="1617.473022 0.000000 801.219116 0.000000 -0.409332 0.000000 0.912386 0.726814 0.726814 0.726814
1628.978394 0.000000 851.657104 0.000000 -0.045029 0.000000 0.998986 0.885307 0.885307 0.885307
1740.278320 0.000000 656.376587 0.000000 0.570785 0.000000 -0.821100 0.749568 0.749568 0.749568
"}
object={
	name="Eagle"
	clamp_to_water_level=yes
	render_under_water=yes
	generated_content=no
	layer="monument_layer"
	entity="eagle_entity"
	count=3
	transform="893.426880 7.074707 1281.885864 0.000000 0.000000 0.000000 1.000000 0.197883 0.197883 0.197883
98.264763 0.000000 851.902710 0.000000 0.000000 0.000000 1.000000 0.552487 0.552487 0.552487
2083.528076 0.945389 138.506210 0.000000 0.000000 0.000000 1.000000 0.470792 0.470792 0.470792
"}
object={
	name="elephant_african"
	clamp_to_water_level=yes
	render_under_water=yes
	generated_content=no
	layer="monument_layer"
	entity="elephant_african_entity"
	count=3
	transform="1909.963745 0.000000 269.063263 0.000000 0.483879 0.000000 0.875135 0.703027 0.703027 0.703027
1888.769409 0.000000 74.879105 0.000000 0.000000 0.000000 1.000000 1.000000 1.000000 1.000000
4628.676270 0.000000 1961.223267 0.000000 0.399088 0.000000 0.916912 1.000000 1.000000 1.000000
"}
object={
	name="giraffe"
	clamp_to_water_level=yes
	render_under_water=yes
	generated_content=no
	layer="monument_layer"
	entity="giraffe_entity"
	count=1
	transform="1887.741821 0.000000 151.484390 0.000000 -0.311698 0.000000 -0.950181 0.934308 0.934308 0.934308
"}
object={
	name="seagulls"
	clamp_to_water_level=yes
	render_under_water=no
	generated_content=no
	layer="monument_layer"
	entity="seagull_port_entity"
	count=384
	transform="944.516113 0.000000 1241.290283 0.000000 0.154631 0.000000 0.987972 0.516129 0.516129 0.516129
954.322571 0.000000 1233.548340 0.000000 0.050362 0.000000 1.053012 0.516129 0.516129 0.516129
995.096802 0.000000 1207.741943 0.000000 0.471858 0.000000 0.581675 0.516129 0.516129 0.516129
877.935486 0.000000 1282.580688 0.000000 -0.272343 0.000000 0.962200 0.516129 0.516129 0.516129
848.516113 0.000000 1312.000000 0.000000 0.718200 0.000000 0.870870 0.516129 0.516129 0.516129
967.225830 0.000000 1299.612915 0.000000 0.173503 0.000000 0.984833 0.516129 0.516129 0.516129
1005.935486 0.000000 1277.419312 0.000000 -0.923880 0.000000 0.182683 0.516129 0.516129 0.516129
1031.741943 0.000000 1198.967773 0.000000 -0.707107 0.000000 0.707107 0.516129 0.516129 0.516129
1040.000000 0.000000 1221.677368 0.000000 -0.437885 0.000000 0.346946 0.516129 0.516129 0.516129
1054.451660 0.000000 1228.903198 0.000000 -0.633989 0.000000 0.773342 0.516129 0.516129 0.516129
1098.838745 0.000000 1210.322632 0.000000 0.447214 0.000000 0.894427 0.516129 0.516129 0.516129
1058.064575 0.000000 1252.645142 0.000000 -0.856668 0.000000 0.966500 0.516129 0.516129 0.516129
1005.419373 0.000000 1115.354858 0.000000 -0.998765 0.000000 0.249813 0.516129 0.516129 0.516129
1025.032227 0.000000 1122.580688 0.000000 0.382683 0.000000 0.923880 0.516129 0.516129 0.516129
1016.258057 0.000000 1148.387085 0.000000 -0.646375 0.000000 0.763020 0.516129 0.516129 0.516129
1057.032227 0.000000 1166.451660 0.000000 0.983195 0.000000 0.182557 0.516129 0.516129 0.516129
996.129028 0.000000 1111.741943 0.000000 -0.976534 0.000000 0.630075 0.516129 0.516129 0.516129
987.354858 0.000000 1087.483887 0.000000 -0.600751 0.000000 0.799437 0.516129 0.516129 0.516129
990.451599 0.000000 1062.709717 0.000000 -0.715623 0.000000 0.698487 0.516129 0.516129 0.516129
941.419373 0.000000 1072.000000 0.000000 -0.591821 0.000000 0.806069 0.516129 0.516129 0.516129
889.806458 0.000000 1100.387085 0.000000 0.157182 0.000000 0.987570 0.516129 0.516129 0.516129
923.870972 0.000000 1116.903198 0.000000 0.554480 0.000000 0.832197 0.516129 0.516129 0.516129
946.580627 0.000000 1318.193604 0.000000 -0.915022 0.000000 0.403403 0.516129 0.516129 0.516129
922.838684 0.000000 1368.258057 0.000000 -0.945873 0.000000 0.324536 0.516129 0.516129 0.516129
816.516113 0.000000 1355.870972 0.000000 -0.948684 0.000000 0.616228 0.516129 0.516129 0.516129
810.838684 0.000000 1363.612915 0.000000 0.538954 0.000000 0.842335 0.516129 0.516129 0.516129
790.193542 0.000000 1392.000000 0.000000 0.641752 0.000000 0.897137 0.516129 0.516129 0.516129
882.580627 0.000000 1396.129028 0.000000 0.441752 0.000000 0.897137 0.516129 0.516129 0.516129
878.451599 0.000000 1438.451660 0.000000 -0.940271 0.000000 0.640425 0.516129 0.516129 0.516129
877.935486 0.000000 1410.580688 0.000000 -0.735882 0.000000 0.477109 0.516129 0.516129 0.516129
1531.870972 0.000000 1096.258057 0.000000 -0.767752 0.000000 0.640747 0.516129 0.516129 0.516129
1561.806396 0.000000 1133.935425 0.000000 -0.170672 0.000000 0.985328 0.516129 0.516129 0.516129
1540.645142 0.000000 1334.709717 0.000000 -0.130253 0.000000 0.991481 0.516129 0.516129 0.516129
1571.612915 0.000000 1368.774170 0.000000 0.816340 0.000000 0.577572 0.516129 0.516129 0.516129
1518.451660 0.000000 1325.935425 0.000000 0.940670 0.000000 0.339324 0.516129 0.516129 0.516129
1477.161255 0.000000 1321.290283 0.000000 -0.996678 0.000000 0.081451 0.516129 0.516129 0.516129
1448.258057 0.000000 1277.419312 0.000000 -0.995920 0.000000 0.090234 0.516129 0.516129 0.516129
1417.585571 0.000000 1273.668335 0.000000 0.999984 0.000000 -0.005681 0.516129 0.516129 0.516129
1366.182251 0.000000 1102.870850 0.000000 0.333512 0.000000 0.942746 0.516129 0.516129 0.516129
1466.322632 0.000000 1078.193604 0.000000 0.306976 0.000000 0.951717 0.516129 0.516129 0.516129
1342.451660 0.000000 1232.000000 0.000000 -0.564294 0.000000 0.825573 0.516129 0.516129 0.516129
1325.419312 0.000000 1181.935425 0.000000 -0.339368 0.000000 0.940654 0.516129 0.516129 0.516129
1401.290283 0.000000 1201.548340 0.000000 0.246522 0.000000 0.969137 0.516129 0.516129 0.516129
1437.457031 0.000000 1047.420410 0.000000 0.030839 0.000000 0.999524 0.516129 0.516129 0.516129
1390.047119 0.000000 1211.033081 0.000000 0.525630 0.000000 0.850713 0.516129 0.516129 0.516129
1374.451660 0.000000 1163.354858 0.000000 0.919780 0.000000 -0.392434 0.516129 0.516129 0.516129
1420.387085 0.000000 1160.258057 0.000000 0.265646 0.000000 0.964071 0.516129 0.516129 0.516129
1698.077148 0.000000 1079.080444 0.000000 0.566136 0.000000 0.824312 0.516129 0.516129 0.516129
1644.387085 0.000000 1051.354858 0.000000 -0.857121 0.000000 0.515115 0.516129 0.516129 0.516129
1442.845947 0.000000 1323.915283 0.000000 -0.027575 0.000000 0.999620 0.516129 0.516129 0.516129
1407.483887 0.000000 1289.290283 0.000000 0.977695 0.000000 -0.210034 0.516129 0.516129 0.516129
1387.123169 0.000000 1278.639893 0.000000 -0.618074 0.000000 0.786120 0.516129 0.516129 0.516129
1385.806396 0.000000 1016.774170 0.000000 0.098066 0.000000 0.995180 0.516129 0.516129 0.516129
1365.161255 0.000000 1029.677368 0.000000 0.036086 0.000000 0.999348 0.516129 0.516129 0.516129
1353.806396 0.000000 1010.064514 0.000000 -0.990828 0.000000 0.135126 0.516129 0.516129 0.516129
1326.451660 0.000000 1286.193604 0.000000 -0.277564 0.000000 0.960707 0.516129 0.516129 0.516129
1290.838745 0.000000 1267.612915 0.000000 0.024089 0.000000 0.999710 0.516129 0.516129 0.516129
1320.258057 0.000000 1031.225830 0.000000 0.908513 0.000000 0.417857 0.516129 0.516129 0.516129
1249.548340 0.000000 1254.709717 0.000000 0.364435 0.000000 0.931229 0.516129 0.516129 0.516129
1241.290283 0.000000 1268.129028 0.000000 -0.592030 0.000000 0.805916 0.516129 0.516129 0.516129
1260.903198 0.000000 1197.935425 0.000000 -0.559196 0.000000 0.829035 0.516129 0.516129 0.516129
1251.143677 0.000000 1177.121704 0.000000 -0.615412 0.000000 0.788205 0.516129 0.516129 0.516129
1270.193604 0.000000 1177.806396 0.000000 0.000000 0.000000 0.516129 0.516129 0.516129 1.000000
1283.612915 0.000000 1164.903198 0.000000 -0.975703 0.000000 0.219098 0.516129 0.516129 0.516129
1296.217651 0.000000 1160.607300 0.000000 -0.031060 0.000000 0.999518 0.516129 0.516129 0.516129
1295.483887 0.000000 1139.096802 0.000000 0.401944 0.000000 0.915664 0.516129 0.516129 0.516129
1283.096802 0.000000 1139.096802 0.000000 0.000000 0.000000 0.516129 0.516129 0.516129 1.000000
1265.548340 0.000000 1137.548340 0.000000 -0.966303 0.000000 -0.257412 0.516129 0.516129 0.516129
1132.903198 0.000000 1237.161255 0.000000 -0.970889 0.000000 -0.974840 0.516129 0.516129 0.516129
1281.032227 0.000000 1078.193604 0.000000 0.573005 0.000000 0.819551 0.516129 0.516129 0.516129
1264.000000 0.000000 1081.806396 0.000000 0.573005 0.000000 0.819551 0.516129 0.516129 0.516129
1240.599731 0.000000 1088.828735 0.000000 -0.340425 0.000000 0.940272 0.516129 0.516129 0.516129
1223.099487 0.000000 1143.152954 0.000000 0.838384 0.000000 0.545079 0.516129 0.516129 0.516129
1270.709717 0.000000 1116.903198 0.000000 -0.302214 0.000000 0.953240 0.516129 0.516129 0.516129
1278.967773 0.000000 1127.741943 0.000000 -0.856586 0.000000 0.516004 0.516129 0.516129 0.516129
1288.258057 0.000000 1129.806396 0.000000 -0.500000 0.000000 0.536050 0.516129 0.516129 0.516129
1370.322632 0.000000 1075.612915 0.000000 -0.179920 0.000000 0.983682 0.516129 0.516129 0.516129
1219.612915 0.000000 1148.387085 0.000000 -0.288861 0.000000 0.957371 0.516129 0.516129 0.516129
1186.064575 0.000000 1157.677368 0.000000 -0.251669 0.000000 0.451073 0.516129 0.516129 0.516129
1187.044434 0.000000 1178.488892 0.000000 0.201220 0.000000 -0.252597 0.516129 0.516129 0.516129
1198.967773 0.000000 1177.806396 0.000000 -0.211336 0.000000 0.977413 0.516129 0.516129 0.516129
1154.822754 0.000000 1195.547729 0.000000 -0.513279 0.000000 0.858222 0.516129 0.516129 0.516129
1397.677368 0.000000 1367.741943 0.000000 0.962915 0.000000 0.269803 0.516129 0.516129 0.516129
1693.419312 0.000000 835.096802 0.000000 -0.989792 0.000000 -0.142520 0.516129 0.516129 0.516129
1642.322632 0.000000 846.451599 0.000000 0.874643 0.000000 0.484769 0.516129 0.516129 0.516129
1685.943970 0.000000 890.704773 0.000000 -0.910099 0.000000 0.414390 0.516129 0.516129 0.516129
1573.677368 0.000000 869.677429 0.000000 0.564698 0.000000 0.825298 0.516129 0.516129 0.516129
1606.709717 0.000000 873.806458 0.000000 -0.419996 0.000000 0.907526 0.516129 0.516129 0.516129
1614.967773 0.000000 865.032288 0.000000 0.458449 0.000000 -0.888721 0.516129 0.516129 0.516129
1631.988892 0.000000 880.267212 0.000000 0.999679 0.000000 -0.025331 0.516129 0.516129 0.516129
1644.198242 0.000000 895.347961 0.000000 -0.948647 0.000000 0.316336 0.516129 0.516129 0.516129
1586.064575 0.000000 880.000000 0.000000 0.925140 0.000000 -0.379625 0.516129 0.516129 0.516129
1638.193604 0.000000 833.032288 0.000000 -0.790292 0.000000 0.612730 0.516129 0.516129 0.516129
1818.322632 0.000000 668.903198 0.000000 0.834841 0.000000 0.550491 0.516129 0.516129 0.516129
1879.225830 0.000000 590.451599 0.000000 0.763020 0.000000 0.646375 0.516129 0.516129 0.516129
1746.064575 0.000000 921.806458 0.000000 0.999756 0.000000 0.022078 0.516129 0.516129 0.516129
1755.870972 0.000000 958.967712 0.000000 -0.508373 0.000000 0.861137 0.516129 0.516129 0.516129
1755.104004 0.000000 986.491333 0.000000 -0.045851 0.000000 0.998949 0.516129 0.516129 0.516129
1789.419312 0.000000 840.258057 0.000000 0.661803 0.000000 0.749678 0.516129 0.516129 0.516129
1794.740479 0.000000 790.478821 0.000000 0.677109 0.000000 0.735882 0.516129 0.516129 0.516129
1758.967773 0.000000 1012.645142 0.000000 0.679450 0.000000 0.733722 0.516129 0.516129 0.516129
1762.064575 0.000000 1028.129028 0.000000 0.923879 0.000000 0.382683 0.516129 0.516129 0.516129
1765.677368 0.000000 1051.354858 0.000000 0.445444 0.000000 0.895310 0.516129 0.516129 0.516129
1770.838745 0.000000 1072.000000 0.000000 0.132733 0.000000 0.991152 0.516129 0.516129 0.516129
1766.709717 0.000000 1087.483887 0.000000 0.541386 0.000000 0.840774 0.516129 0.516129 0.516129
1756.387085 0.000000 1115.870972 0.000000 0.000000 0.000000 0.516129 0.516129 0.516129 1.000000
1753.290283 0.000000 1143.741943 0.000000 0.364057 0.000000 0.931377 0.516129 0.516129 0.516129
2113.032227 0.000000 1107.096802 0.000000 0.000000 0.000000 0.516129 0.516129 0.516129 1.000000
2104.258057 0.000000 1077.677368 0.000000 0.000000 0.000000 0.516129 0.516129 0.516129 1.000000
2242.064453 0.000000 1058.064575 0.000000 -0.547732 0.000000 0.836654 0.516129 0.516129 0.516129
2302.967773 0.000000 1001.290344 0.000000 -0.661213 0.000000 0.750198 0.516129 0.516129 0.516129
2298.838623 0.000000 1010.064514 0.000000 -0.609236 0.000000 0.792989 0.516129 0.516129 0.516129
568.258057 0.000000 1300.129028 0.000000 -0.326865 0.000000 0.945071 0.516129 0.516129 0.516129
567.741943 0.000000 1317.677368 0.000000 -0.452016 0.000000 0.892010 0.516129 0.516129 0.516129
528.000000 0.000000 1271.225830 0.000000 0.999009 0.000000 -0.044515 0.516129 0.516129 0.516129
477.503754 0.000000 1253.544556 0.000000 -0.547349 0.000000 0.836905 0.516129 0.516129 0.516129
403.612915 0.000000 1380.645142 0.000000 -0.320202 0.000000 0.947349 0.516129 0.516129 0.516129
439.741943 0.000000 1203.612915 0.000000 -0.782579 0.000000 0.622551 0.516129 0.516129 0.516129
447.483856 0.000000 1157.677368 0.000000 -0.364140 0.000000 0.931344 0.516129 0.516129 0.516129
436.129028 0.000000 1178.322632 0.000000 -0.852210 0.000000 0.523202 0.516129 0.516129 0.516129
425.806458 0.000000 1144.774170 0.000000 0.999411 0.000000 0.034321 0.516129 0.516129 0.516129
408.774200 0.000000 1114.838745 0.000000 0.998462 0.000000 0.055448 0.516129 0.516129 0.516129
359.741943 0.000000 1384.774170 0.000000 0.998060 0.000000 -0.062266 0.516129 0.516129 0.516129
314.322571 0.000000 1393.032227 0.000000 0.426618 0.000000 0.904432 0.516129 0.516129 0.516129
278.416534 0.000000 1405.613525 0.000000 0.783833 0.000000 0.620972 0.516129 0.516129 0.516129
185.375992 0.000000 1416.766968 0.000000 0.769157 0.000000 0.639059 0.516129 0.516129 0.516129
152.749542 0.000000 1382.101318 0.000000 -0.322006 0.000000 0.946738 0.516129 0.516129 0.516129
153.806458 0.000000 1352.258057 0.000000 -0.479188 0.000000 0.877712 0.516129 0.516129 0.516129
455.741943 0.000000 1224.258057 0.000000 -0.593338 0.000000 0.804953 0.516129 0.516129 0.516129
374.193542 0.000000 1101.935425 0.000000 0.073176 0.000000 0.997319 0.516129 0.516129 0.516129
366.967743 0.000000 1091.096802 0.000000 0.160182 0.000000 0.987087 0.516129 0.516129 0.516129
348.903229 0.000000 1082.322632 0.000000 0.698997 0.000000 0.715125 0.516129 0.516129 0.516129
320.000000 0.000000 1082.322632 0.000000 0.844273 0.000000 0.535913 0.516129 0.516129 0.516129
153.806458 0.000000 1312.000000 0.000000 0.688781 0.000000 0.724970 0.516129 0.516129 0.516129
137.806458 0.000000 1267.096802 0.000000 0.000000 0.000000 0.516129 0.516129 0.516129 1.000000
113.032257 0.000000 1197.419312 0.000000 0.806751 0.000000 0.590891 0.516129 0.516129 0.516129
105.806450 0.000000 1207.741943 0.000000 0.372919 0.000000 0.927864 0.516129 0.516129 0.516129
120.774193 0.000000 1162.322632 0.000000 -0.084855 0.000000 0.996393 0.516129 0.516129 0.516129
143.161118 0.000000 1121.847534 0.000000 0.608850 0.000000 0.793286 0.516129 0.516129 0.516129
203.354843 0.000000 1111.741943 0.000000 0.247127 0.000000 0.968983 0.516129 0.516129 0.516129
198.709671 0.000000 1096.258057 0.000000 -0.433097 0.000000 0.901347 0.516129 0.516129 0.516129
204.387100 0.000000 1090.064575 0.000000 -0.041559 0.000000 0.999136 0.516129 0.516129 0.516129
227.096771 0.000000 1062.709717 0.000000 0.004952 0.000000 -0.999988 0.516129 0.516129 0.516129
237.419357 0.000000 1072.000000 0.000000 0.089806 0.000000 0.995959 0.516129 0.516129 0.516129
274.580658 0.000000 1086.967773 0.000000 0.952295 0.000000 0.305177 0.516129 0.516129 0.516129
1453.419312 0.000000 1305.290283 0.000000 0.447214 0.000000 0.894427 0.516129 0.516129 0.516129
538.838684 0.000000 1189.161255 0.000000 0.323173 0.000000 0.946340 0.516129 0.516129 0.516129
588.903198 0.000000 1210.322632 0.000000 0.720213 0.000000 0.693753 0.516129 0.516129 0.516129
872.774170 0.000000 1053.935425 0.000000 0.973249 0.000000 0.229753 0.516129 0.516129 0.516129
1872.516113 0.000000 1467.870972 0.000000 -0.985552 0.000000 0.169363 0.516129 0.516129 0.516129
1878.193604 0.000000 1444.129028 0.000000 0.331007 0.000000 0.943628 0.516129 0.516129 0.516129
1849.806396 0.000000 1407.483887 0.000000 0.471858 0.000000 0.881675 0.516129 0.516129 0.516129
1817.290283 0.000000 1398.709717 0.000000 -0.984834 0.000000 0.173503 0.516129 0.516129 0.516129
1848.258057 0.000000 1490.580688 0.000000 0.977335 0.000000 0.211700 0.516129 0.516129 0.516129
1812.980469 0.000000 1500.421631 0.000000 -0.923879 0.000000 0.382683 0.516129 0.516129 0.516129
1749.161255 0.000000 1378.064575 0.000000 0.992508 0.000000 0.122183 0.516129 0.516129 0.516129
1713.548340 0.000000 1378.580688 0.000000 -0.305731 0.000000 0.952119 0.516129 0.516129 0.516129
1659.870972 0.000000 1394.580688 0.000000 -0.109117 0.000000 0.994029 0.516129 0.516129 0.516129
1623.881592 0.000000 1394.641235 0.000000 0.000000 0.000000 0.516129 0.516129 0.516129 1.000000
1362.580688 0.000000 1125.677368 0.000000 -0.584710 0.000000 0.811242 0.516129 0.516129 0.516129
1747.612915 0.000000 1180.903198 0.000000 0.196116 0.000000 0.980581 0.516129 0.516129 0.516129
1733.209229 0.000000 1161.700928 0.000000 0.047898 0.000000 0.998852 0.516129 0.516129 0.516129
1689.290283 0.000000 1149.419312 0.000000 -0.666921 0.000000 0.745128 0.516129 0.516129 0.516129
1623.225830 0.000000 1116.387085 0.000000 -0.250841 0.000000 0.968028 0.516129 0.516129 0.516129
1428.129028 0.000000 1131.354858 0.000000 0.133421 0.000000 0.991060 0.516129 0.516129 0.516129
1394.984375 0.000000 1140.933960 0.000000 -0.426006 0.000000 0.904720 0.516129 0.516129 0.516129
1447.741943 0.000000 1118.967773 0.000000 -0.398263 0.000000 0.917271 0.516129 0.516129 0.516129
1496.258057 0.000000 1114.838745 0.000000 -0.270146 0.000000 0.962819 0.516129 0.516129 0.516129
1401.806396 0.000000 1088.516113 0.000000 0.999045 0.000000 -0.043700 0.516129 0.516129 0.516129
390.193542 0.000000 1720.774170 0.000000 -0.269940 0.000000 0.962877 0.516129 0.516129 0.516129
422.709686 0.000000 1721.290283 0.000000 -0.664384 0.000000 0.747391 0.516129 0.516129 0.516129
406.193542 0.000000 1751.741943 0.000000 0.718149 0.000000 -0.695889 0.516129 0.516129 0.516129
473.806458 0.000000 1720.774170 0.000000 0.974126 0.000000 0.226007 0.516129 0.516129 0.516129
533.677429 0.000000 1731.096802 0.000000 -0.078663 0.000000 -0.996901 0.516129 0.516129 0.516129
521.806458 0.000000 1752.258057 0.000000 0.998297 0.000000 -0.058336 0.516129 0.516129 0.516129
521.806458 0.000000 1823.483887 0.000000 0.901800 0.000000 0.432154 0.516129 0.516129 0.516129
415.552216 0.000000 1766.683105 0.000000 -0.301916 0.000000 0.953335 0.516129 0.516129 0.516129
417.548401 0.000000 1858.064575 0.000000 0.909269 0.000000 0.416208 0.516129 0.516129 0.516129
424.774200 0.000000 1882.322632 0.000000 0.430781 0.000000 0.902456 0.516129 0.516129 0.516129
513.032288 0.000000 1857.548340 0.000000 0.000000 0.000000 0.516129 0.516129 0.516129 1.000000
421.161285 0.000000 1930.322632 0.000000 0.999701 0.000000 0.024445 0.516129 0.516129 0.516129
371.430939 0.000000 1782.602173 0.000000 -0.951958 0.000000 0.306229 0.516129 0.516129 0.516129
378.322571 0.000000 1895.741943 0.000000 -0.739192 0.000000 0.673494 0.516129 0.516129 0.516129
374.193542 0.000000 1943.741943 0.000000 0.824645 0.000000 0.565651 0.516129 0.516129 0.516129
433.548401 0.000000 1984.000000 0.000000 0.995127 0.000000 0.098605 0.516129 0.516129 0.516129
472.258057 0.000000 2039.225830 0.000000 0.233734 0.000000 0.972300 0.516129 0.516129 0.516129
371.344330 0.000000 2020.364380 0.000000 -0.965463 0.000000 0.260542 0.516129 0.516129 0.516129
443.870972 0.000000 1672.774170 0.000000 0.000000 0.000000 0.516129 0.516129 0.516129 1.000000
386.580658 0.000000 1579.870972 0.000000 0.986209 0.000000 0.165505 0.516129 0.516129 0.516129
340.645172 0.000000 1622.709717 0.000000 0.080616 0.000000 0.996745 0.516129 0.516129 0.516129
405.508911 0.000000 1562.770752 0.000000 0.000000 0.000000 0.516129 0.516129 0.516129 1.000000
384.000000 0.000000 1640.258057 0.000000 0.895233 0.000000 -0.445598 0.516129 0.516129 0.516129
259.612915 0.000000 1802.838745 0.000000 0.821116 0.000000 0.570761 0.516129 0.516129 0.516129
297.121307 0.000000 1812.899902 0.000000 -0.571368 0.000000 0.820693 0.516129 0.516129 0.516129
334.451599 0.000000 1878.709717 0.000000 -0.098538 0.000000 0.995133 0.516129 0.516129 0.516129
423.880951 0.000000 1559.904053 0.000000 0.311123 0.000000 0.950370 0.516129 0.516129 0.516129
450.580658 0.000000 1443.096802 0.000000 0.289784 0.000000 0.357092 0.516129 0.516129 0.516129
424.258057 0.000000 1418.838745 0.000000 0.838232 0.000000 0.545313 0.516129 0.516129 0.516129
566.709656 0.000000 1349.161255 0.000000 0.717135 0.000000 0.696934 0.516129 0.516129 0.516129
599.225830 0.000000 1370.838745 0.000000 0.947770 0.000000 0.318955 0.516129 0.516129 0.516129
621.935486 0.000000 1381.677368 0.000000 -0.836514 0.000000 0.547945 0.516129 0.516129 0.516129
647.741943 0.000000 1352.258057 0.000000 0.996647 0.000000 0.081816 0.516129 0.516129 0.516129
1131.870972 0.000000 1296.000000 0.000000 -0.924160 0.000000 -0.382005 0.516129 0.516129 0.516129
494.294708 0.000000 1661.693726 0.000000 -0.939758 0.000000 0.341841 0.516129 0.516129 0.516129
544.516113 0.000000 1709.419312 0.000000 0.973249 0.000000 0.229753 0.516129 0.516129 0.516129
533.677429 0.000000 1681.548340 0.000000 0.957092 0.000000 0.289784 0.516129 0.516129 0.516129
509.935486 0.000000 1854.451660 0.000000 -0.983648 0.000000 0.180102 0.516129 0.516129 0.516129
214.193542 0.000000 1053.935425 0.000000 0.993901 0.000000 0.110275 0.516129 0.516129 0.516129
165.161285 0.000000 982.193542 0.000000 0.930337 0.000000 0.366705 0.516129 0.516129 0.516129
325.044525 0.000000 1007.755554 0.000000 -0.998984 0.000000 0.045314 0.516129 0.516129 0.516129
366.967743 0.000000 1007.483887 0.000000 -0.877712 0.000000 0.479188 0.516129 0.516129 0.516129
406.435516 0.000000 1026.574829 0.000000 0.993578 0.000000 0.113156 0.516129 0.516129 0.516129
423.225800 0.000000 1027.096802 0.000000 -0.962995 0.000000 0.269519 0.516129 0.516129 0.516129
483.096771 0.000000 1056.516113 0.000000 0.998765 0.000000 0.049813 0.516129 0.516129 0.516129
448.000000 0.000000 1044.645142 0.000000 -0.983954 0.000000 0.178425 0.516129 0.516129 0.516129
523.870972 0.000000 1054.967773 0.000000 -0.788154 0.000000 0.615478 0.516129 0.516129 0.516129
547.096802 0.000000 1061.161255 0.000000 0.998765 0.000000 0.049813 0.516129 0.516129 0.516129
571.870972 0.000000 1066.322632 0.000000 0.976289 0.000000 0.216472 0.516129 0.516129 0.516129
618.838684 0.000000 1058.580688 0.000000 -0.738423 0.000000 0.874338 0.516129 0.516129 0.516129
637.935486 0.000000 1056.000000 0.000000 -0.560629 0.000000 0.828067 0.516129 0.516129 0.516129
651.870972 0.000000 1059.096802 0.000000 0.828067 0.000000 0.310629 0.516129 0.516129 0.516129
720.509155 0.000000 1059.194702 0.000000 -0.658725 0.000000 0.752384 0.516129 0.516129 0.516129
688.516113 0.000000 1060.129028 0.000000 -0.963425 0.000000 0.267976 0.516129 0.516129 0.516129
755.096802 0.000000 1062.709717 0.000000 -0.913500 0.000000 0.006839 0.516129 0.516129 0.516129
819.096802 0.000000 1024.000000 0.000000 -0.861871 0.000000 0.907128 0.516129 0.516129 0.516129
832.516113 0.000000 1040.000000 0.000000 -0.622551 0.000000 0.782579 0.516129 0.516129 0.516129
830.451599 0.000000 1061.161255 0.000000 -0.191092 0.000000 0.981572 0.516129 0.516129 0.516129
813.911560 0.000000 1057.047852 0.000000 -0.945650 0.000000 0.325186 0.516129 0.516129 0.516129
798.451599 0.000000 1075.096802 0.000000 0.782986 0.000000 0.622039 0.516129 0.516129 0.516129
827.354858 0.000000 1008.000000 0.000000 -0.900157 0.000000 0.435565 0.516129 0.516129 0.516129
840.774170 0.000000 993.032288 0.000000 -0.989789 0.000000 0.142539 0.516129 0.516129 0.516129
843.354858 0.000000 981.161316 0.000000 -0.923880 0.000000 0.382683 0.516129 0.516129 0.516129
820.129028 0.000000 949.677429 0.000000 2.000000 0.000000 0.000000 0.516129 0.516129 0.516129
808.258057 0.000000 918.193542 0.000000 2.800000 0.000000 0.516129 0.516129 0.516129 1.000000
829.419373 0.000000 919.225830 0.000000 0.590253 0.000000 0.807219 0.516129 0.516129 0.516129
844.387085 0.000000 899.096802 0.000000 0.911327 0.000000 0.411685 0.516129 0.516129 0.516129
929.032288 0.000000 878.451599 0.000000 0.992076 0.000000 0.125636 0.516129 0.516129 0.516129
1003.354858 0.000000 857.806458 0.000000 0.999572 0.000000 0.029374 0.516129 0.516129 0.516129
1062.193604 0.000000 808.258057 0.000000 -0.781544 0.000000 0.623851 0.516129 0.516129 0.516129
1151.483887 0.000000 774.709656 0.000000 -0.907420 0.000000 0.420224 0.516129 0.516129 0.516129
1197.419312 0.000000 822.193542 0.000000 -0.948684 0.000000 0.316228 0.516129 0.516129 0.516129
1204.129028 0.000000 876.903198 0.000000 0.000000 0.000000 0.516129 0.516129 0.516129 1.000000
1231.483887 0.000000 893.935486 0.000000 0.763020 0.000000 0.646375 0.516129 0.516129 0.516129
1256.774170 0.000000 902.709656 0.000000 -0.730246 0.000000 0.683184 0.516129 0.516129 0.516129
1309.216431 0.000000 888.536560 0.000000 0.098538 0.000000 0.995133 0.516129 0.516129 0.516129
1387.870972 0.000000 869.677429 0.000000 0.382683 0.000000 0.223880 0.516129 0.516129 0.516129
1479.741943 0.000000 862.967712 0.000000 -0.250841 0.000000 0.368028 0.516129 0.516129 0.516129
748.903198 0.000000 1157.677368 0.000000 0.000000 0.000000 0.516129 0.516129 0.516129 1.000000
746.838684 0.000000 1211.354858 0.000000 -0.409656 0.000000 0.912240 0.516129 0.516129 0.516129
788.645142 0.000000 1242.322632 0.000000 -0.573697 0.000000 0.819067 0.516129 0.516129 0.516129
764.903198 0.000000 1269.677368 0.000000 -0.098538 0.000000 0.995133 0.516129 0.516129 0.516129
752.000000 0.000000 1304.774170 0.000000 -0.315096 0.000000 0.949060 0.516129 0.516129 0.516129
781.419373 0.000000 1290.838745 0.000000 -0.319324 0.000000 0.947645 0.516129 0.516129 0.516129
664.774170 0.000000 1346.580688 0.000000 0.987538 0.000000 -0.157383 0.516129 0.516129 0.516129
705.032288 0.000000 1368.258057 0.000000 0.999697 0.000000 -0.024600 0.516129 0.516129 0.516129
740.645142 0.000000 1384.774170 0.000000 0.000000 0.000000 0.516129 0.516129 0.516129 1.000000
758.193542 0.000000 1404.903198 0.000000 0.978105 0.000000 -0.208113 0.516129 0.516129 0.516129
893.419373 0.000000 1459.612915 0.000000 0.805358 0.000000 0.592789 0.516129 0.516129 0.516129
914.580627 0.000000 1466.838745 0.000000 0.878920 0.000000 0.476969 0.516129 0.516129 0.516129
746.838684 0.000000 1669.161255 0.000000 0.870896 0.000000 0.491468 0.516129 0.516129 0.516129
691.612915 0.000000 1754.322632 0.000000 -0.948139 0.000000 0.317855 0.516129 0.516129 0.516129
709.161316 0.000000 1834.322632 0.000000 0.850501 0.000000 0.525973 0.516129 0.516129 0.516129
748.962891 0.000000 1834.607056 0.000000 0.827226 0.000000 0.561870 0.516129 0.516129 0.516129
600.258057 0.000000 1740.903198 0.000000 0.240316 0.000000 0.970695 0.516129 0.516129 0.516129
635.354858 0.000000 1781.161255 0.000000 0.898604 0.000000 0.438761 0.516129 0.516129 0.516129
759.884277 0.000000 1855.003052 0.000000 -0.829005 0.000000 0.559242 0.516129 0.516129 0.516129
825.806458 0.000000 1862.193604 0.000000 -0.711679 0.000000 0.702505 0.516129 0.516129 0.516129
752.516113 0.000000 1905.548340 0.000000 -0.480751 0.000000 0.876857 0.516129 0.516129 0.516129
748.387085 0.000000 1964.387085 0.000000 -0.916634 0.000000 0.399728 0.516129 0.516129 0.516129
812.903198 0.000000 1969.032227 0.000000 0.400639 0.000000 0.953738 0.516129 0.516129 0.516129
757.161316 0.000000 2009.806396 0.000000 0.382579 0.000000 0.922551 0.516129 0.516129 0.516129
816.516113 0.000000 2033.548340 0.000000 -0.060597 0.000000 -0.152722 0.516129 0.516129 0.516129
823.741943 0.000000 1918.967773 0.000000 -0.008521 0.000000 -0.098286 0.516129 0.516129 0.516129
865.548401 0.000000 1939.096802 0.000000 0.471858 0.000000 0.881675 0.516129 0.516129 0.516129
900.104797 0.000000 1876.212280 0.000000 -0.550945 0.000000 0.834542 0.516129 0.516129 0.516129
927.483887 0.000000 1428.129028 0.000000 -0.673717 0.000000 0.738989 0.516129 0.516129 0.516129
964.645142 0.000000 1395.612915 0.000000 0.226948 0.000000 0.973907 0.516129 0.516129 0.516129
1009.801697 0.000000 1368.667725 0.000000 0.367805 0.000000 0.929903 0.516129 0.516129 0.516129
1074.580688 0.000000 1335.741943 0.000000 0.999469 0.000000 0.032583 0.516129 0.516129 0.516129
1108.645142 0.000000 1315.612915 0.000000 0.927753 0.000000 -0.373195 0.516129 0.516129 0.516129
1409.548340 0.000000 1404.387085 0.000000 0.886823 0.000000 0.462110 0.516129 0.516129 0.516129
1423.483887 0.000000 1433.806396 0.000000 -0.512787 0.000000 0.858516 0.516129 0.516129 0.516129
3074.138672 0.000000 1310.203491 0.000000 -0.560629 0.000000 0.828067 0.516129 0.516129 0.516129
3104.911133 0.000000 1403.915283 0.000000 -0.333733 0.000000 0.942668 0.516129 0.516129 0.516129
3672.258057 0.000000 1650.064575 0.000000 0.110977 0.000000 0.993823 0.516129 0.516129 0.516129
3776.000000 0.000000 1700.645142 0.000000 0.140075 0.000000 0.990141 0.516129 0.516129 0.516129
1423.419678 0.000000 1469.399780 0.000000 -0.160182 0.000000 0.987087 0.516129 0.516129 0.516129
1426.064575 0.000000 1490.580688 0.000000 0.735882 0.000000 0.677109 0.516129 0.516129 0.516129
1436.387085 0.000000 1514.838745 0.000000 -0.613481 0.000000 0.789709 0.516129 0.516129 0.516129
1467.354858 0.000000 1554.064575 0.000000 0.161822 0.000000 0.986820 0.516129 0.516129 0.516129
1504.000000 0.000000 1584.000000 0.000000 0.379524 0.000000 0.925182 0.516129 0.516129 0.516129
1560.774170 0.000000 1569.032227 0.000000 0.134419 0.000000 0.990925 0.516129 0.516129 0.516129
1567.483887 0.000000 1528.774170 0.000000 0.118010 0.000000 0.993012 0.516129 0.516129 0.516129
1576.774170 0.000000 1506.580688 0.000000 0.386375 0.000000 0.922342 0.516129 0.516129 0.516129
1633.032227 0.000000 1535.483887 0.000000 0.131817 0.000000 0.991274 0.516129 0.516129 0.516129
1674.322632 0.000000 1561.290283 0.000000 0.000000 0.000000 0.516129 0.516129 0.516129 1.000000
1699.612915 0.000000 1541.677368 0.000000 0.507979 0.000000 0.861369 0.516129 0.516129 0.516129
1905.032227 0.000000 692.645142 0.000000 0.863596 0.000000 0.504185 0.516129 0.516129 0.516129
1981.935425 0.000000 631.741943 0.000000 -0.022703 0.000000 0.999742 0.516129 0.516129 0.516129
2050.064453 0.000000 541.419373 0.000000 0.000000 0.000000 0.516129 0.516129 0.516129 1.000000
2134.193604 0.000000 480.000000 0.000000 -0.356883 0.000000 0.934149 0.516129 0.516129 0.516129
2188.387207 0.000000 427.870972 0.000000 -0.458565 0.000000 0.888661 0.516129 0.516129 0.516129
2286.967773 0.000000 346.838715 0.000000 -0.862084 0.000000 0.506765 0.516129 0.516129 0.516129
2322.708496 0.000000 268.935303 0.000000 -0.259979 0.000000 0.965614 0.516129 0.516129 0.516129
2382.967773 0.000000 196.129028 0.000000 0.937943 0.000000 -0.346789 0.516129 0.516129 0.516129
2433.557861 0.000000 215.556686 0.000000 0.971109 0.000000 0.238637 0.516129 0.516129 0.516129
2498.064453 0.000000 273.032257 0.000000 0.269984 0.000000 0.962865 0.516129 0.516129 0.516129
2592.000000 0.000000 364.903229 0.000000 0.000000 0.000000 0.516129 0.516129 0.516129 1.000000
2702.451660 0.000000 481.548401 0.000000 0.000000 0.000000 0.516129 0.516129 0.516129 1.000000
2765.419434 0.000000 571.870972 0.000000 -0.277498 0.000000 0.960726 0.516129 0.516129 0.516129
1044.716553 0.000000 1903.300537 0.000000 -0.376077 0.000000 0.926588 0.516129 0.516129 0.516129
926.967712 0.000000 1860.645142 0.000000 0.000000 0.000000 0.516129 0.516129 0.516129 1.000000
2333.311523 0.000000 1048.973511 0.000000 -0.145946 0.000000 0.989293 0.516129 0.516129 0.516129
2404.129150 0.000000 1026.064575 0.000000 -0.392502 0.000000 0.919751 0.516129 0.516129 0.516129
2485.677490 0.000000 989.935486 0.000000 -0.282464 0.000000 0.959278 0.516129 0.516129 0.516129
2652.387207 0.000000 1042.064575 0.000000 -0.192696 0.000000 0.981259 0.516129 0.516129 0.516129
2629.677490 0.000000 1006.967712 0.000000 -0.334548 0.000000 0.942379 0.516129 0.516129 0.516129
883.612915 0.000000 1931.354858 0.000000 0.999801 0.000000 -0.019967 0.516129 0.516129 0.516129
933.081726 0.000000 1964.153931 0.000000 0.964251 0.000000 0.264990 0.516129 0.516129 0.516129
985.685669 0.000000 1995.208618 0.000000 0.000000 0.000000 0.516129 0.516129 0.516129 1.000000
1033.806396 0.000000 2028.903198 0.000000 0.998489 0.000000 0.054960 0.516129 0.516129 0.516129
1019.354858 0.000000 2116.645264 0.000000 0.839780 0.000000 -0.542926 0.516129 0.516129 0.516129
807.225830 0.000000 2113.032227 0.000000 -0.155434 0.000000 0.987846 0.516129 0.516129 0.516129
94.967743 0.000000 956.903198 0.000000 -0.417197 0.000000 0.908816 0.516129 0.516129 0.516129
62.451614 0.000000 932.645142 0.000000 -0.953740 0.000000 0.300631 0.516129 0.516129 0.516129
3054.451660 0.000000 1169.032227 0.000000 0.197186 0.000000 0.980366 0.516129 0.516129 0.516129
3225.806396 0.000000 1111.741943 0.000000 -0.088750 0.000000 0.996054 0.516129 0.516129 0.516129
3107.096680 0.000000 1223.741943 0.000000 0.591317 0.000000 0.806440 0.516129 0.516129 0.516129
3316.129150 0.000000 1085.419312 0.000000 0.143364 0.000000 0.989670 0.516129 0.516129 0.516129
3122.447021 0.000000 1170.528931 0.000000 0.683379 0.000000 0.730064 0.516129 0.516129 0.516129
3348.129150 0.000000 1163.354858 0.000000 0.298073 0.000000 0.954543 0.516129 0.516129 0.516129
3180.903320 0.000000 1131.870972 0.000000 0.454981 0.000000 0.890501 0.516129 0.516129 0.516129
3109.161377 0.000000 1168.000000 0.000000 0.356712 0.000000 0.934214 0.516129 0.516129 0.516129
3369.290283 0.000000 1161.290283 0.000000 0.381500 0.000000 0.924369 0.516129 0.516129 0.516129
3388.387207 0.000000 1148.903198 0.000000 0.257149 0.000000 0.966372 0.516129 0.516129 0.516129
3423.483887 0.000000 1092.645142 0.000000 0.319667 0.000000 0.947530 0.516129 0.516129 0.516129
3474.064453 0.000000 1042.064575 0.000000 0.286691 0.000000 0.958023 0.516129 0.516129 0.516129
3526.193604 0.000000 995.096802 0.000000 -0.299063 0.000000 0.954233 0.516129 0.516129 0.516129
3619.096680 0.000000 941.935486 0.000000 -0.759741 0.000000 0.650226 0.516129 0.516129 0.516129
3662.967773 0.000000 914.064514 0.000000 -0.428370 0.000000 0.903603 0.516129 0.516129 0.516129
3724.387207 0.000000 869.161316 0.000000 -0.867812 0.000000 0.496893 0.516129 0.516129 0.516129
3778.064453 0.000000 850.064514 0.000000 -0.964560 0.000000 0.263862 0.516129 0.516129 0.516129
3829.161377 0.000000 816.516113 0.000000 -0.516785 0.000000 0.856115 0.516129 0.516129 0.516129
3939.612793 0.000000 780.387085 0.000000 -0.951381 0.000000 0.308015 0.516129 0.516129 0.516129
3945.290283 0.000000 824.774170 0.000000 0.360359 0.000000 0.932814 0.516129 0.516129 0.516129
3957.561523 0.000000 869.692566 0.000000 0.575504 0.000000 0.817799 0.516129 0.516129 0.516129
3956.645264 0.000000 944.516113 0.000000 -0.909403 0.000000 0.415917 0.516129 0.516129 0.516129
3928.774170 0.000000 976.000000 0.000000 -0.930465 0.000000 0.366382 0.516129 0.516129 0.516129
4150.709473 0.000000 835.612915 0.000000 0.000000 0.000000 0.516129 0.516129 0.516129 1.000000
4078.451660 0.000000 914.580627 0.000000 -0.460245 0.000000 0.887792 0.516129 0.516129 0.516129
4061.779785 0.000000 813.343628 0.000000 -0.587816 0.000000 0.808994 0.516129 0.516129 0.516129
4005.677490 0.000000 899.096802 0.000000 -0.799054 0.000000 0.601259 0.516129 0.516129 0.516129
3902.967773 0.000000 1035.870972 0.000000 -0.500547 0.000000 0.865709 0.516129 0.516129 0.516129
3881.290283 0.000000 1072.000000 0.000000 -0.771558 0.000000 0.636159 0.516129 0.516129 0.516129
3828.217041 0.000000 1116.893677 0.000000 -0.705676 0.000000 -0.708535 0.516129 0.516129 0.516129
3821.935547 0.000000 1175.225830 0.000000 0.994058 0.000000 0.108849 0.516129 0.516129 0.516129
3852.387207 0.000000 1239.225830 0.000000 0.971931 0.000000 -0.235266 0.516129 0.516129 0.516129
3861.161377 0.000000 1375.483887 0.000000 0.862918 0.000000 0.505344 0.516129 0.516129 0.516129
3884.903320 0.000000 1492.645142 0.000000 0.934300 0.000000 -0.356488 0.516129 0.516129 0.516129
3873.032227 0.000000 1585.032227 0.000000 -0.231760 0.000000 0.972773 0.516129 0.516129 0.516129
2430.451660 0.000000 882.580627 0.000000 0.179863 0.000000 0.983692 0.516129 0.516129 0.516129
2449.032227 0.000000 892.903198 0.000000 -0.029842 0.000000 0.999555 0.516129 0.516129 0.516129
2576.000000 0.000000 853.677429 0.000000 -0.355857 0.000000 0.934541 0.516129 0.516129 0.516129
2725.677490 0.000000 923.870972 0.000000 -0.983212 0.000000 0.182469 0.516129 0.516129 0.516129
2634.838623 0.000000 922.838684 0.000000 -0.935019 0.000000 0.354597 0.516129 0.516129 0.516129
2820.645264 0.000000 928.516113 0.000000 -0.871608 0.000000 0.490205 0.516129 0.516129 0.516129
2859.354736 0.000000 794.322571 0.000000 -0.941417 0.000000 0.337246 0.516129 0.516129 0.516129
3984.000000 0.000000 1728.516113 0.000000 0.932573 0.000000 0.360981 0.516129 0.516129 0.516129
3938.064453 0.000000 1716.645142 0.000000 0.987349 0.000000 0.158564 0.516129 0.516129 0.516129
3860.129150 0.000000 1713.032227 0.000000 -0.804271 0.000000 0.594262 0.516129 0.516129 0.516129
2054.193604 0.000000 375.225800 0.000000 0.952056 0.000000 0.305924 0.516129 0.516129 0.516129
2159.483887 0.000000 264.774200 0.000000 0.000000 0.000000 0.516129 0.516129 0.516129 1.000000
2378.838623 0.000000 166.709671 0.000000 0.955971 0.000000 0.293463 0.516129 0.516129 0.516129
2395.870850 0.000000 128.516129 0.000000 0.913917 0.000000 0.405901 0.516129 0.516129 0.516129
2473.290283 0.000000 108.903229 0.000000 0.966506 0.000000 0.256643 0.516129 0.516129 0.516129
2624.000000 0.000000 212.645157 0.000000 -0.846902 0.000000 0.531749 0.516129 0.516129 0.516129
2739.096680 0.000000 284.387085 0.000000 0.865520 0.000000 0.500874 0.516129 0.516129 0.516129
2523.870850 0.000000 145.548386 0.000000 -0.272943 0.000000 0.962030 0.516129 0.516129 0.516129
2766.451660 0.000000 219.870972 0.000000 0.000000 0.000000 0.516129 0.516129 0.516129 1.000000
2833.548340 0.000000 370.580658 0.000000 0.000000 0.000000 0.516129 0.516129 0.516129 1.000000
1129.806396 0.000000 2063.483887 0.000000 0.000000 0.000000 0.516129 0.516129 0.516129 1.000000
1116.903198 0.000000 1924.645142 0.000000 0.000000 0.000000 0.516129 0.516129 0.516129 1.000000
1304.774170 0.000000 1161.806396 0.000000 0.000000 0.000000 0.516129 0.516129 0.516129 1.000000
3910.763428 0.000000 598.968933 0.000000 0.000000 0.000000 1.000000 1.000000 1.000000 1.000000
"}
object={
	name="whales"
	clamp_to_water_level=yes
	render_under_water=yes
	generated_content=no
	layer="monument_layer"
	entity="whale_entity"
	count=1
	transform="2810.199951 0.622681 280.340942 0.000000 0.558967 0.000000 0.829190 1.000000 1.000000 1.000000
"}
object={
	name="zebra"
	clamp_to_water_level=yes
	render_under_water=yes
	generated_content=no
	layer="monument_layer"
	entity="zebra_entity"
	count=2
	transform="1905.754883 0.000000 111.671875 0.000000 -0.794008 0.000000 0.607908 0.766846 0.766846 0.766846
2112.825195 0.000000 67.331612 0.000000 0.760158 0.000000 0.649739 0.634593 0.634593 0.634593
"}
