object={
	name="lakes"
	clamp_to_water_level=yes
	render_under_water=no
	generated_content=no
	layer="lake_layer"
	pdxmesh="lake_mesh"
	count=185
	transform="1002.359619 -0.851074 2643.613525 0.000000 0.211644 0.000000 0.977347 16.726185 16.726185 16.726185
1001.861511 0.000000 2625.268555 0.000000 0.141310 0.000000 0.989965 20.422962 20.422962 20.422962
1027.592407 0.594727 2606.148682 0.000000 0.363502 0.000000 0.931593 13.719213 13.719213 13.719213
1008.592041 0.677246 2599.612793 0.000000 0.000000 0.000000 1.000000 12.682535 12.682535 12.682535
950.967957 0.360352 2574.666504 0.000000 -0.295348 0.000000 0.955390 17.683805 17.683805 17.683805
1094.360107 1.446289 2717.968262 0.000000 0.057342 0.000000 0.998355 9.208970 9.208970 9.208970
996.104980 0.900879 2543.421875 0.000000 0.143409 0.000000 0.989663 24.482471 24.482471 24.482471
967.350708 -0.797363 2504.242188 0.000000 0.396835 0.000000 0.917890 43.874107 43.874107 43.874107
946.028809 0.941406 2518.598877 0.000000 0.474504 0.000000 0.880254 12.633203 12.633203 12.633203
936.715454 0.772461 2538.433350 0.000000 0.197470 0.000000 0.980309 4.798286 4.798286 4.798286
897.904114 0.162598 2480.509521 0.000000 -0.463764 0.000000 0.885959 15.868436 15.868436 15.868436
917.679199 1.241211 2445.867432 0.000000 0.561533 0.000000 0.827454 6.344314 6.344314 6.344314
921.169800 0.473633 2436.060791 0.000000 0.162560 0.000000 0.986699 10.147905 10.147905 10.147905
958.005493 1.261719 2449.662109 0.000000 0.349017 0.000000 0.937117 16.090052 16.090052 16.090052
950.635559 0.708008 2419.257568 0.000000 0.164186 0.000000 0.986430 18.419201 18.419201 18.419201
889.153259 -0.049805 2418.329590 0.000000 -0.847790 0.000000 -0.530332 25.356953 25.356953 25.356953
899.710205 0.592285 2404.372314 0.000000 0.207332 0.000000 0.978271 14.765837 14.765837 14.765837
928.800049 0.833008 2385.412109 0.000000 0.391225 0.000000 0.920295 23.577475 23.577475 23.577475
902.086304 0.891602 2377.958008 0.000000 0.451200 0.000000 0.892423 15.941044 15.941044 15.941044
873.371155 1.274414 2358.252441 0.000000 0.449728 0.000000 0.893165 17.748642 17.748642 17.748642
919.334045 -0.377441 2314.978027 0.000000 0.527456 0.000000 0.849583 36.976768 36.976768 36.976768
842.565125 1.206543 2304.843750 0.000000 0.000000 0.000000 1.000000 10.248109 10.248109 10.248109
847.856262 1.695313 2278.361572 0.000000 0.796755 0.000000 0.604303 13.786111 13.786111 13.786111
888.559082 0.420898 2245.632324 0.000000 0.150564 0.000000 0.988600 9.917747 9.917747 9.917747
768.626404 0.767578 2262.198730 0.000000 0.000000 0.000000 1.000000 16.078302 16.078302 16.078302
848.185242 0.914063 2229.084717 0.000000 0.499556 0.000000 0.866281 6.055617 6.055617 6.055617
858.001282 -0.159912 2129.361084 0.000000 -0.592657 0.000000 0.805455 22.209337 22.209337 22.209337
832.523743 0.347168 2154.349365 0.000000 0.656893 0.000000 0.753984 8.910570 8.910570 8.910570
709.749878 1.563721 1531.253662 0.000000 -0.334879 0.000000 0.942261 3.547265 3.547265 3.547265
698.828674 1.250977 1523.288330 0.000000 -0.252058 0.000000 0.967712 11.252723 11.252723 11.252723
687.393188 1.244873 1501.786987 0.000000 -0.186163 0.000000 0.982519 15.488023 15.488023 15.488023
727.451233 1.144775 1512.926636 0.000000 0.181589 0.000000 0.983375 4.455116 4.455116 4.455116
736.038269 1.023193 1515.096191 0.000000 -0.241367 0.000000 0.970434 4.416709 4.416709 4.416709
760.038513 0.708496 1537.584351 0.000000 0.131394 0.000000 0.991330 6.477123 6.477123 6.477123
752.669373 0.536621 1532.196899 0.000000 0.650403 0.000000 0.759589 3.150139 3.150139 3.150139
752.339844 0.904297 1526.204712 0.000000 0.000000 0.000000 1.000000 6.904570 6.904570 6.904570
779.774353 1.349121 1556.380249 0.000000 0.221000 0.000000 0.975274 15.006138 15.006138 15.006138
843.180298 1.135498 1569.105347 0.000000 0.678966 0.000000 0.734170 4.594609 4.594609 4.594609
878.860901 1.364746 1568.824097 0.000000 0.000000 0.000000 1.000000 4.901196 4.901196 4.901196
913.903809 0.902100 1569.446655 0.000000 0.809409 0.000000 0.587245 5.597112 5.597112 5.597112
776.745972 0.919434 1479.640381 0.000000 0.928840 0.000000 0.370482 10.661868 10.661868 10.661868
758.150146 0.529785 1479.090820 0.000000 0.875661 0.000000 0.482926 14.171669 14.171669 14.171669
1050.827881 0.257568 1528.838379 0.000000 -0.216741 0.000000 0.976229 17.977043 17.977043 17.977043
872.649048 0.445557 1347.174561 0.000000 0.000000 0.000000 1.000000 7.066032 7.066032 7.066032
867.042664 0.753174 1322.189331 0.000000 0.524276 0.000000 0.851548 5.869249 5.869249 5.869249
877.949280 0.316406 1300.561279 0.000000 0.517033 0.000000 0.855966 5.773107 5.773107 5.773107
923.553894 1.416016 1296.299072 0.000000 0.000000 0.000000 1.000000 5.359645 5.359645 5.359645
1174.207520 1.965332 1267.933594 0.000000 0.625031 0.000000 0.780600 8.565053 8.565053 8.565053
1186.146362 1.506836 1263.189941 0.000000 0.619369 0.000000 0.785100 8.719401 8.719401 8.719401
1186.725586 0.883789 1205.894531 0.000000 0.000000 0.000000 1.000000 3.602583 3.602583 3.602583
1279.096558 0.503418 1159.714600 0.000000 0.366017 0.000000 0.930608 3.751171 3.751171 3.751171
1514.803345 1.886475 1157.581665 0.000000 0.000000 0.000000 1.000000 4.166324 4.166324 4.166324
1516.152100 1.938477 1189.628784 0.000000 0.000000 0.000000 1.000000 4.498538 4.498538 4.498538
1518.384155 1.885498 1171.296265 0.000000 -0.304533 0.000000 0.952502 6.101390 6.101390 6.101390
1529.989624 1.729736 1169.205200 0.000000 -0.409193 0.000000 0.912448 11.056749 11.056749 11.056749
1552.460815 2.233398 1187.144653 0.000000 0.669919 0.000000 0.742434 12.795793 12.795793 12.795793
1578.534546 1.867676 1180.145508 0.000000 0.351832 0.000000 0.936063 12.862283 12.862283 12.862283
1633.587158 1.744629 1237.686401 0.000000 0.503635 0.000000 0.863916 23.398348 23.398348 23.398348
1961.557007 0.091309 1425.277100 0.000000 0.678372 0.000000 0.734719 5.575957 5.575957 5.575957
1969.721436 2.143555 1331.515991 0.000000 -0.509450 0.000000 0.860500 31.663740 31.663740 31.663740
2737.952881 0.577637 1281.158325 0.000000 -0.814486 0.000000 0.580183 32.302540 32.302540 32.302540
2776.617188 0.577637 1254.632080 0.000000 -0.290461 0.000000 0.956887 32.302540 32.302540 32.302540
2721.139404 0.449707 1097.833130 0.000000 0.437119 0.000000 0.899404 32.302540 32.302540 32.302540
2569.356934 0.182983 1124.469360 0.000000 0.437119 0.000000 0.899404 32.302540 32.302540 32.302540
2339.335693 0.449707 1276.603882 0.000000 0.437119 0.000000 0.899404 32.302540 32.302540 32.302540
2064.549072 2.008301 1317.482666 0.000000 0.437119 0.000000 0.899404 32.302540 32.302540 32.302540
2038.801514 1.412842 1379.439331 0.000000 0.259124 0.000000 0.965844 5.579190 5.579190 5.579190
2026.869873 3.052246 1425.753662 0.000000 0.971780 0.000000 -0.235889 16.379282 16.379282 16.379282
2010.655029 3.180176 1434.213013 0.000000 0.122070 0.000000 0.992521 7.476628 7.476628 7.476628
2207.040039 0.704590 2096.571289 0.000000 0.000000 0.000000 1.000000 14.495261 14.495261 14.495261
2513.601807 -0.125977 2197.519043 0.000000 0.778232 0.000000 0.627977 46.163383 46.163383 46.163383
2421.352783 1.094238 2289.931152 0.000000 0.000000 0.000000 1.000000 5.075231 5.075231 5.075231
2791.797119 1.162109 2177.651855 0.000000 -0.334836 0.000000 0.942277 119.887939 119.887939 119.887939
2919.264893 1.139160 2271.953857 0.000000 -0.272628 0.000000 0.962120 17.532948 17.532948 17.532948
3199.930176 4.302246 2854.555908 0.000000 0.500283 0.000000 0.865862 30.631914 30.631914 30.631914
3165.023682 1.473633 2840.603516 0.000000 0.465115 0.000000 0.885250 12.719532 12.719532 12.719532
3302.465332 1.342773 3002.311035 0.000000 0.644740 0.000000 0.764402 7.506683 7.506683 7.506683
3241.608643 -1.058105 3088.502441 0.000000 0.591710 0.000000 0.806151 137.966156 137.966156 137.966156
3332.000488 1.495117 3167.135254 0.000000 0.828373 0.000000 0.560178 8.972787 8.972787 8.972787
3327.320312 0.000000 3183.770752 0.000000 0.664943 0.000000 0.746894 6.299960 6.299960 6.299960
3369.782715 0.978272 3187.292236 0.000000 0.562908 0.000000 0.826519 15.698043 15.698043 15.698043
3577.369873 1.903809 3227.692139 0.000000 0.621020 0.000000 0.783794 28.365097 28.365097 28.365097
3194.749268 1.120117 3247.569824 0.000000 0.648000 0.000000 0.761640 2.925498 2.925498 2.925498
3249.255615 1.991699 3272.099609 0.000000 0.748276 0.000000 0.663388 32.431179 32.431179 32.431179
3225.313477 0.912598 3245.518066 0.000000 0.000000 0.000000 1.000000 4.000722 4.000722 4.000722
4081.005371 2.571289 2145.725830 0.000000 0.376586 0.000000 0.926382 8.139185 8.139185 8.139185
4097.773438 2.097412 2106.830811 0.000000 0.067210 0.000000 0.997739 12.473665 12.473665 12.473665
4213.508301 2.111328 2161.030029 0.000000 0.498168 0.000000 0.867081 15.087891 15.087891 15.087891
4201.700684 2.507324 2174.219971 0.000000 0.441943 0.000000 0.897043 7.627942 7.627942 7.627942
4195.978027 3.545166 2161.832275 0.000000 0.482315 0.000000 0.875998 12.879133 12.879133 12.879133
3946.542725 1.645020 2791.640381 0.000000 0.567943 0.000000 0.823068 11.446635 11.446635 11.446635
3829.854248 2.290772 2918.328613 0.000000 0.902110 0.000000 0.431507 7.103319 7.103319 7.103319
3829.695557 2.398926 2892.567627 0.000000 0.000000 0.000000 1.000000 8.806326 8.806326 8.806326
3807.307861 1.973877 2840.749756 0.000000 0.536809 0.000000 0.843704 8.210906 8.210906 8.210906
3935.527100 0.361328 3387.041748 0.000000 0.000000 0.000000 1.000000 9.139595 9.139595 9.139595
3626.737793 1.916748 3210.434326 0.000000 0.538867 0.000000 0.842391 38.731930 38.731930 38.731930
3793.290771 2.531738 3073.536377 0.000000 0.707971 0.000000 0.706241 9.635514 9.635514 9.635514
3719.234131 2.053467 3151.983398 0.000000 0.837091 0.000000 0.547064 10.429413 10.429413 10.429413
3706.703857 2.223144 2724.067139 0.000000 -0.522833 0.000000 0.852435 13.865706 13.865706 13.865706
3702.087891 2.295654 2589.649170 0.000000 -0.431731 0.000000 0.902002 25.936790 25.936790 25.936790
3494.617432 1.813721 2452.635498 0.000000 -0.456231 0.000000 0.889861 26.753277 26.753277 26.753277
3343.151611 1.808838 2276.299316 0.000000 0.245511 0.000000 0.969394 41.049450 41.049450 41.049450
3702.419434 1.786621 2427.815430 0.000000 -0.266868 0.000000 0.963733 25.712967 25.712967 25.712967
3692.794922 1.846191 2435.144775 0.000000 -0.325156 0.000000 0.945660 10.111608 10.111608 10.111608
2943.088867 2.619141 2044.106812 0.000000 -0.505664 0.000000 0.862731 39.816299 39.816299 39.816299
3707.804688 -0.438965 2293.256348 0.000000 -0.476745 0.000000 0.879042 21.367882 21.367882 21.367882
3579.168701 1.622070 2293.500244 0.000000 0.000000 0.000000 1.000000 10.096767 10.096767 10.096767
3434.343262 1.675293 2213.634033 0.000000 0.000000 0.000000 1.000000 11.874465 11.874465 11.874465
3413.987061 2.233398 2158.770264 0.000000 -0.386178 0.000000 0.922424 14.717132 14.717132 14.717132
3230.744629 0.000000 1764.738037 0.000000 0.000000 0.000000 1.000000 14.237618 14.237618 14.237618
3222.778809 2.841797 1843.649658 0.000000 0.000000 0.000000 1.000000 9.492259 9.492259 9.492259
3262.879639 2.329834 1866.909180 0.000000 -0.467707 0.000000 0.883884 7.710354 7.710354 7.710354
3323.826660 2.495850 1867.982300 0.000000 0.000000 0.000000 1.000000 10.564733 10.564733 10.564733
3309.082764 2.650635 1844.608521 0.000000 0.000000 0.000000 1.000000 16.792521 16.792521 16.792521
3397.689453 -0.295654 1721.405518 0.000000 -0.238760 0.000000 0.971079 14.707887 14.707887 14.707887
3198.779541 1.105957 1637.830688 0.000000 0.000000 0.000000 1.000000 11.708167 11.708167 11.708167
3092.069824 1.107422 1628.770264 0.000000 0.000000 0.000000 1.000000 10.220136 10.220136 10.220136
3089.254150 0.539063 1691.602295 0.000000 0.666127 0.000000 0.745838 6.541845 6.541845 6.541845
3434.572266 -2.701904 1795.085571 0.000000 0.000000 0.000000 1.000000 18.283312 18.283312 18.283312
3466.059082 -1.074951 1811.007812 0.000000 0.181484 0.000000 0.983394 22.007847 22.007847 22.007847
3459.193848 2.732910 1785.245239 0.000000 0.633946 0.000000 0.773377 7.994371 7.994371 7.994371
3487.914551 2.938232 1782.603027 0.000000 0.313704 0.000000 0.949521 5.887753 5.887753 5.887753
3515.942383 2.743164 1794.708496 0.000000 0.212598 0.000000 0.977140 8.513654 8.513654 8.513654
3518.767578 1.985596 1841.014282 0.000000 -0.164170 0.000000 0.986432 17.818741 17.818741 17.818741
3553.876953 1.629883 1807.862793 0.000000 0.384714 0.000000 0.923036 7.702218 7.702218 7.702218
3561.441650 1.994873 1839.181763 0.000000 0.480603 0.000000 0.876938 6.298157 6.298157 6.298157
3545.934326 1.432861 1847.840210 0.000000 0.000000 0.000000 1.000000 7.058762 7.058762 7.058762
3542.952148 0.355225 1871.375488 0.000000 0.599066 0.000000 0.800700 19.125360 19.125360 19.125360
3558.502686 1.404297 1883.272461 0.000000 0.862918 0.000000 0.505344 11.721207 11.721207 11.721207
3542.792725 2.107178 1922.931885 0.000000 0.000000 0.000000 1.000000 10.607853 10.607853 10.607853
3588.588135 2.519287 1921.195190 0.000000 0.000000 0.000000 1.000000 16.796024 16.796024 16.796024
3563.637207 0.138916 1935.057739 0.000000 -0.463926 0.000000 0.885874 16.778006 16.778006 16.778006
3585.981445 2.175537 1959.855347 0.000000 0.757992 0.000000 0.652264 57.606548 57.606548 57.606548
3667.327637 2.727051 1967.752563 0.000000 -0.576552 0.000000 0.817061 27.354233 27.354233 27.354233
3648.583008 2.777344 1986.969727 0.000000 0.448938 0.000000 0.893563 12.059699 12.059699 12.059699
3629.510254 2.336670 2020.534546 0.000000 0.000000 0.000000 1.000000 9.432765 9.432765 9.432765
3648.759033 1.812012 2036.044434 0.000000 0.454057 0.000000 0.890973 7.417982 7.417982 7.417982
3730.549561 2.248535 1894.202026 0.000000 -0.188202 0.000000 0.982130 7.953028 7.953028 7.953028
3729.053955 0.000000 1915.964111 0.000000 0.000000 0.000000 1.000000 11.958603 11.958603 11.958603
3734.784668 0.349365 1922.429565 0.000000 0.000000 0.000000 1.000000 7.190555 7.190555 7.190555
3727.028809 -0.538818 1906.789795 0.000000 0.000000 0.000000 1.000000 7.202319 7.202319 7.202319
3565.399658 2.731445 2041.880371 0.000000 -0.562303 0.000000 0.826931 24.775284 24.775284 24.775284
3580.005371 2.441162 2087.687256 0.000000 0.667764 0.000000 0.744373 5.258478 5.258478 5.258478
3450.435059 1.333984 2006.526123 0.000000 -0.348945 0.000000 0.937143 5.372893 5.372893 5.372893
3500.627686 2.099365 2050.957275 0.000000 -0.406016 0.000000 0.913866 12.403478 12.403478 12.403478
3533.005371 -0.848877 2097.670654 0.000000 -0.478675 0.000000 0.877992 20.694033 20.694033 20.694033
3515.599609 1.830322 2108.245850 0.000000 -0.548396 0.000000 0.836219 13.428865 13.428865 13.428865
3483.086914 2.042236 2082.216064 0.000000 0.000000 0.000000 1.000000 9.900549 9.900549 9.900549
3454.790039 2.322266 2119.768555 0.000000 -0.107683 0.000000 0.994185 10.165743 10.165743 10.165743
3403.012695 1.825195 2118.757812 0.000000 0.000000 0.000000 1.000000 12.805774 12.805774 12.805774
3493.627686 2.305664 2120.988525 0.000000 -0.490209 0.000000 0.871605 8.213077 8.213077 8.213077
3561.110352 2.341309 2156.005371 0.000000 -0.330000 0.000000 0.943981 8.427175 8.427175 8.427175
3522.738037 1.981445 2140.320557 0.000000 -0.335641 0.000000 0.941990 18.961405 18.961405 18.961405
3544.352051 2.363281 2160.170166 0.000000 -0.439204 0.000000 0.898388 10.283234 10.283234 10.283234
3562.213135 2.538574 2192.292236 0.000000 0.000000 0.000000 1.000000 14.719308 14.719308 14.719308
3211.229980 2.302002 2245.132080 0.000000 -0.399648 0.000000 0.916669 19.627445 19.627445 19.627445
3544.628662 0.563720 2613.563721 0.000000 0.000000 0.000000 1.000000 54.612247 54.612247 54.612247
1740.316528 1.016846 1343.062744 0.000000 0.125523 0.000000 0.992091 2.789403 2.789403 2.789403
4920.235840 -2.478516 1335.745361 0.000000 -0.096529 0.000000 0.995330 24.093287 24.093287 24.093287
3069.035400 2.643310 2654.687256 0.000000 0.752713 0.000000 0.658349 34.431770 34.431770 34.431770
3235.647217 2.291504 2766.312256 0.000000 0.000000 0.000000 1.000000 9.803229 9.803229 9.803229
3216.038574 2.744141 2713.209473 0.000000 -0.498274 0.000000 0.867020 8.246152 8.246152 8.246152
3037.939453 2.077637 2612.322754 0.000000 0.000000 0.000000 1.000000 8.973821 8.973821 8.973821
2998.004150 2.664063 2595.435791 0.000000 0.000000 0.000000 1.000000 4.924502 4.924502 4.924502
2918.041260 1.562988 2589.881592 0.000000 0.237100 0.000000 0.971485 12.823603 12.823603 12.823603
3049.845947 1.891602 2579.712158 0.000000 0.000000 0.000000 1.000000 14.148175 14.148175 14.148175
3123.121826 3.106934 2630.705078 0.000000 0.000000 0.000000 1.000000 28.108267 28.108267 28.108267
3165.514893 -0.124023 2590.095703 0.000000 0.282362 0.000000 0.959308 22.620693 22.620693 22.620693
3137.340332 1.667480 2575.095215 0.000000 0.716198 0.000000 0.697897 32.297421 32.297421 32.297421
3037.036865 2.600098 2504.475342 0.000000 -0.349288 0.000000 0.937015 6.625000 6.625000 6.625000
2966.844971 3.119141 2450.652100 0.000000 -0.374323 0.000000 0.927298 11.222560 11.222560 11.222560
2746.805908 0.582031 2496.445068 0.000000 -0.656789 0.000000 0.754074 9.002411 9.002411 9.002411
2820.164062 0.749023 2769.331787 0.000000 0.000000 0.000000 1.000000 5.984735 5.984735 5.984735
1425.642822 0.772217 2093.861816 0.000000 0.000000 0.000000 1.000000 13.360832 13.360832 13.360832
1344.887573 0.841309 1687.247925 0.000000 -0.402499 0.000000 0.915420 7.318429 7.318429 7.318429
1193.667969 0.463867 1903.602905 0.000000 0.335066 0.000000 0.942195 3.058821 3.058821 3.058821
1178.350342 0.369873 1887.539429 0.000000 0.832555 0.000000 0.553943 4.126339 4.126339 4.126339
1140.140991 0.338623 1870.258301 0.000000 0.310834 0.000000 0.950464 12.847655 12.847655 12.847655
1080.355469 0.374756 1861.514893 0.000000 0.791804 0.000000 0.610775 6.827786 6.827786 6.827786
892.418823 -0.094238 1786.596436 0.000000 0.957897 0.000000 0.287111 7.687797 7.687797 7.687797
2100.384521 4.736618 64.636497 0.000000 0.653700 0.000000 0.756754 31.065451 31.065451 31.065451
3711.120850 2.184814 2888.388672 0.000000 0.000000 0.000000 1.000000 8.915460 8.915460 8.915460
1702.757568 1.209717 1239.557373 0.000000 0.674033 0.000000 0.738701 13.619930 13.619930 13.619930
1635.379395 0.594727 1184.712280 0.000000 -0.434234 0.000000 0.900800 6.755508 6.755508 6.755508
1564.136719 0.577637 1215.554443 0.000000 0.231938 0.000000 0.972731 14.690124 14.690124 14.690124
"}
