object={
	name="volcanoes"
	clamp_to_water_level=no
	render_under_water=yes
	generated_content=no
	layer="monument_layer"
	pdxmesh="volcanic_caldera_01_mesh"
	count=12
	transform="1996.315552 2.168458 1389.779785 0.000000 -0.572855 0.000000 0.819656 0.516129 0.516129 0.516129
1953.472290 0.000000 1522.306030 0.000000 0.198113 0.000000 0.980179 0.516129 0.516129 0.516129
2061.257568 0.000000 1408.631104 0.000000 -0.459379 0.000000 0.888241 0.516129 0.516129 0.516129
2038.249268 2.077393 1419.139282 0.000000 -0.241655 0.000000 -0.970362 0.516129 0.516129 0.516129
1979.630371 0.000000 1423.686035 0.000000 -0.704016 0.000000 0.710184 0.516129 0.516129 0.516129
1881.421997 -1.477051 1528.694214 0.000000 0.000000 0.000000 1.000000 0.516129 0.516129 0.516129
1708.777710 0.000000 1247.797485 0.000000 0.242019 0.000000 0.970272 0.516129 0.516129 0.516129
1669.203857 0.000000 1218.359253 0.000000 0.163930 0.000000 0.986472 0.516129 0.516129 0.516129
1286.862061 0.092896 1123.020386 0.000000 0.629333 0.000000 0.777136 0.171861 0.171861 0.171861
955.906555 0.000000 1243.076904 0.000000 0.244209 0.000000 0.969723 0.516129 0.516129 0.516129
982.060181 1.690552 1101.816040 0.000000 -0.866916 0.000000 0.498455 0.516129 0.516129 0.516129
1982.566406 2.574585 723.955139 0.000000 0.000000 0.000000 1.000000 1.000000 1.000000 1.000000
"}
